
 LABORATORI D'ENVOL PARAGLIDING 3.15   version "Canigo"                                          
 by Pere Casellas 2010-2021
 http://www.laboratoridenvol.com
 General Public License GNU/GPL 3.0

 Brand: LABORATORI D'ENVOL                                
 Paraglider model: gnuGUI-test                                       
  scale:    1.00000

 1. MAIN PARAMETERS:
 -------------------------------------------------
Flat area =  25.00 m2  269.1 ft2
Flat span =  11.51 m    37.8 ft
Flat A/R =  5.30

Projected area =  21.93 m2  236.0 ft2
Projected span =   9.46 m    31.0 ft
Projected A/R =  4.08
Flattening =   0.12

More geometric parameters:
Vault arrow =   2.54 m
Proj_span/arrow =   3.73
Line heigth (included risers) =   7.47 m
Proj_span/Line_heigth =   1.35
Karabiners - wingtip =   6.50 m
Proj_span/(Karabiners - wingtip) =   1.45

Wing type is: ds

Planform center of gravity at 52.25 % from leading edge

 2. CALAGE PROPERTIES:
 -------------------------------------------------
finesse GR   8.60
glide angle   6.63
AoA   4.14
assiette   2.49
total height hcp (inc risers)     0. cm
risers    47. cm
calage, pilot centering % cm  31.00   83.99
center pressure (estimation) cm  43.00  116.50
karabiners (x,y,z)      20.00     84.04    747.00

 3. RIB PROPERTIES:
 -------------------------------------------------
 Ribs number =           46
 Cells number =           45

 Rib - Chord - washin - beta 
 -------------------------------------------------
 1     270.94   0.000   1.01
 2     270.32   0.010   3.17
 3     269.08   0.031   5.34
 4     267.20   0.062   7.51
 5     264.72   0.103   9.68
 6     261.60   0.155  11.85
 7     257.87   0.217  13.86
 8     253.52   0.289  16.26
 9     248.54   0.372  19.36
10     242.93   0.465  22.25
11     236.70   0.569  25.14
12     229.83   0.683  28.03
13     222.32   0.808  30.92
14     214.17   0.943  33.60
15     204.87   1.097  36.62
16     193.36   1.289  40.38
17     179.80   1.514  44.14
18     164.30   1.771  47.90
19     147.03   2.058  51.29
20     128.17   2.371  55.64
21     107.89   2.708  67.43
22      86.39   3.065  78.87
23      63.85   4.500  89.23

 Cell   width (cm)
 0       28.26
 1     28.24
 2     28.18
 3     28.11
 4     28.00
 5     27.87
 6     27.72
 7     27.53
 8     27.33
 9     27.09
10     26.83
11     26.54
12     26.23
13     25.89
14     25.50
15     25.02
16     24.45
17     23.81
18     23.09
19     22.30
20     21.45
21     20.57
22     19.62

 4. LINE MATRIX, LINE LENGTHS,AND LINE LOADS:
 Line-plan- level- order- ap  - r - row - rib -  L    -   length -length_e - load (Kg)
 --------------------------------------------------------------------------
  1     1     1     1    12     4     1    20    L =     47.00    47.00    10.07
  2     1     2     1     4     4     1     6    L =    411.00   410.87     3.91
  3     1     2     2     4     4     1    13    L =    403.00   402.89     3.53
  4     1     2     3     4     4     1    20    L =    387.00   386.92     2.63
  5     1     3     1     2     4     1     3    L =    175.00   174.93     1.97
  6     1     3     2     2     4     1     6    L =    175.00   174.93     1.93
  7     1     3     3     2     4     1     9    L =    175.00   174.94     1.85
  8     1     3     4     2     4     1    13    L =    175.00   174.94     1.68
  9     1     3     5     2     4     1    16    L =    175.00   174.95     1.49
 10     1     3     6     2     4     1    20    L =    175.00   174.96     1.14
 11     1     4     1     1     4     1     1    L =    112.71   112.69     0.99
 12     1     4     2     1     4     1     3    L =    105.55   105.53     0.98
 13     1     4     3     1     4     1     4    L =    104.46   104.44     0.98
 14     1     4     4     1     4     1     6    L =    107.29   107.27     0.96
 15     1     4     5     1     4     1     7    L =    115.60   115.58     0.94
 16     1     4     6     1     4     1     9    L =    108.19   108.17     0.91
 17     1     4     7     1     4     1    11    L =    105.45   105.43     0.87
 18     1     4     8     1     4     1    13    L =    107.45   107.43     0.81
 19     1     4     9     1     4     1    14    L =    119.61   119.59     0.78
 20     1     4    10     1     4     1    16    L =    109.35   109.33     0.71
 21     1     4    11     1     4     1    18    L =    102.20   102.19     0.60
 22     1     4    12     1     4     1    20    L =     99.61    99.60     0.54
 23     2     1     1    16     3     4    23    L =     47.00    47.00    10.73
 24     2     2     1     4     4     2     6    L =    405.00   404.87     3.91
 25     2     2     2     4     4     2    13    L =    397.00   396.89     3.53
 26     2     2     3     4     4     2    20    L =    382.00   381.92     2.63
 27     2     2     4     4     3     4    23    L =    451.00   450.98     0.67
 28     2     3     1     2     4     2     3    L =    175.00   174.93     1.97
 29     2     3     2     2     4     2     6    L =    175.00   174.93     1.93
 30     2     3     3     2     4     2     9    L =    175.00   174.94     1.85
 31     2     3     4     2     4     2    13    L =    175.00   174.94     1.68
 32     2     3     5     2     4     2    16    L =    175.00   174.95     1.49
 33     2     3     6     2     4     2    20    L =    175.00   174.96     1.14
 34     2     3     7     1     3     1    23    L =    180.08   180.07     0.23
 35     2     3     8     1     3     2    23    L =    179.97   179.96     0.23
 36     2     3     9     1     3     3    23    L =    181.69   181.68     0.13
 37     2     3    10     1     3     4    23    L =    184.63   184.63     0.07
 38     2     4     1     1     4     2     1    L =    112.44   112.41     0.99
 39     2     4     2     1     4     2     3    L =    105.11   105.09     0.98
 40     2     4     3     1     4     2     4    L =    103.92   103.90     0.98
 41     2     4     4     1     4     2     6    L =    106.54   106.52     0.96
 42     2     4     5     1     4     2     7    L =    114.73   114.71     0.94
 43     2     4     6     1     4     2     9    L =    107.52   107.50     0.91
 44     2     4     7     1     4     2    11    L =    104.91   104.89     0.87
 45     2     4     8     1     4     2    13    L =    106.94   106.93     0.81
 46     2     4     9     1     4     2    14    L =    118.20   118.19     0.78
 47     2     4    10     1     4     2    16    L =    108.89   108.88     0.71
 48     2     4    11     1     4     2    18    L =    102.98   102.97     0.60
 49     2     4    12     1     4     2    20    L =    101.15   101.14     0.54
 50     3     1     1    22     4     3    20    L =     47.00    47.00     8.27
 51     3     2     1     9     4     4     7    L =    414.00   413.88     3.62
 52     3     2     2     9     4     4    16    L =    404.00   403.90     3.18
 53     3     2     3     4     4     3    20    L =    387.00   386.95     1.46
 54     3     3     1     2     4     3     3    L =    175.00   174.96     1.13
 55     3     3     2     2     4     3     6    L =    175.00   174.96     1.11
 56     3     3     3     2     4     4     3    L =    175.00   174.98     0.56
 57     3     3     4     3     4     4     7    L =    175.00   174.97     0.82
 58     3     3     5     2     4     3     9    L =    175.00   174.96     1.06
 59     3     3     6     2     4     3    13    L =    175.00   174.97     0.96
 60     3     3     7     2     4     4    11    L =    175.00   174.98     0.51
 61     3     3     8     3     4     4    16    L =    175.00   174.98     0.66
 62     3     3     9     2     4     3    16    L =    175.00   174.97     0.85
 63     3     3    10     2     4     3    20    L =    175.00   174.98     0.61
 64     3     4     1     1     4     3     1    L =    108.68   108.67     0.57
 65     3     4     2     1     4     3     3    L =    100.37   100.36     0.56
 66     3     4     3     1     4     3     4    L =     98.75    98.74     0.56
 67     3     4     4     1     4     3     6    L =    100.62   100.61     0.55
 68     3     4     5     1     4     4     1    L =    123.03   123.02     0.28
 69     3     4     6     1     4     4     3    L =    114.85   114.85     0.28
 70     3     4     7     1     4     4     4    L =    116.72   116.71     0.28
 71     3     4     8     1     4     4     6    L =    112.71   112.70     0.27
 72     3     4     9     1     4     4     7    L =    119.03   119.03     0.27
 73     3     4    10     1     4     3     7    L =    119.35   119.34     0.54
 74     3     4    11     1     4     3     9    L =    108.43   108.42     0.52
 75     3     4    12     1     4     3    11    L =    102.04   102.03     0.49
 76     3     4    13     1     4     3    13    L =    100.31   100.31     0.46
 77     3     4    14     1     4     4     9    L =    121.53   121.53     0.26
 78     3     4    15     1     4     4    11    L =    114.52   114.52     0.25
 79     3     4    16     1     4     4    13    L =    113.01   113.01     0.23
 80     3     4    17     1     4     4    14    L =    110.36   110.36     0.22
 81     3     4    18     1     4     4    16    L =    118.05   118.05     0.20
 82     3     4    19     1     4     3    14    L =    117.06   117.05     0.45
 83     3     4    20     1     4     3    16    L =    108.07   108.06     0.40
 84     3     4    21     1     4     3    18    L =    102.33   102.32     0.34
 85     3     4    22     1     4     3    20    L =    102.82   102.81     0.27
 86     4     1     1    11     3     6    22    L =    300.00     0.00     0.00
 87     4     2     1     4     4     6     8    L =    233.00     0.00     0.00
 88     4     2     2     4     4     6    16    L =    201.00     0.00     0.00
 89     4     2     3     3     3     6    22    L =    288.00     0.00     0.00
 90     4     3     1     2     4     6     4    L =    120.00     0.00     0.00
 91     4     3     2     2     4     6     8    L =    120.00     0.00     0.00
 92     4     3     3     2     4     6    12    L =    120.00     0.00     0.00
 93     4     3     4     2     4     6    16    L =    120.00     0.00     0.00
 94     4     3     5     1     3     6    18    L =    113.94     0.00     0.00
 95     4     3     6     1     3     6    20    L =    104.34     0.00     0.00
 96     4     3     7     1     3     6    22    L =    101.87     0.00     0.00
 97     4     4     1     1     4     6     2    L =    113.32     0.00     0.00
 98     4     4     2     1     4     6     4    L =     92.38     0.00     0.00
 99     4     4     3     1     4     6     6    L =     81.11     0.00     0.00
100     4     4     4     1     4     6     8    L =     80.07     0.00     0.00
101     4     4     5     1     4     6    10    L =    100.90     0.00     0.00
102     4     4     6     1     4     6    12    L =     88.93     0.00     0.00
103     4     4     7     1     4     6    14    L =     84.59     0.00     0.00
104     4     4     8     1     4     6    16    L =     87.65     0.00     0.00

Total line lengths (without loops) =    317.84
Total line lengths (with loops) =    359.44
 (estimation of 10 cm additional per loop)


 5. Adjustment seam parameters on the inner side
 of extrados panels (fig. 10 of the manual)
 -------------------------------------------------
 Not used ( ndif=1000 )


 6. VERIFICATION Panels and rib differences (mm):
 -------------------------------------------------
 NOTE: Maximal accuracy << 0.02 mm in extrados and intrados panels

 Number - Panel at left - Rib - Panel at right - max dif (mm)

 1     2999.76   2999.76   2999.76     0.000 extra
 1     2534.09   2534.08   2534.09     0.001 intra

 2     2992.89   2992.89   2992.89     0.000 extra
 2     2528.29   2528.29   2528.29     0.001 intra

 3     2979.17   2979.17   2979.17     0.000 extra
 3     2516.69   2516.69   2516.69     0.001 intra

 4     2958.35   2958.35   2958.35     0.000 extra
 4     2499.11   2499.10   2499.11     0.001 intra

 5     2930.89   2930.89   2930.89     0.000 extra
 5     2475.91   2475.91   2475.91     0.001 intra

 6     2896.35   2896.35   2896.35     0.000 extra
 6     2446.73   2446.73   2446.73     0.002 intra

 7     2855.05   2855.05   2855.05     0.000 extra
 7     2411.84   2411.84   2411.84     0.002 intra

 8     2806.89   2806.89   2806.89     0.000 extra
 8     2371.16   2371.16   2371.16     0.001 intra

 9     2751.75   2751.75   2751.75     0.000 extra
 9     2324.58   2324.58   2324.58     0.002 intra

10     2689.64   2689.64   2689.64     0.000 extra
10     2272.11   2272.11   2272.11     0.002 intra

11     2620.66   2620.66   2620.66     0.000 extra
11     2213.84   2213.84   2213.84     0.002 intra

12     2544.60   2544.60   2544.60     0.000 extra
12     2149.58   2149.59   2149.59     0.002 intra

13     2461.45   2461.45   2461.45     0.000 extra
13     2079.34   2079.35   2079.35     0.003 intra

14     2371.22   2371.22   2371.22     0.000 extra
14     2003.12   2003.12   2003.12     0.003 intra

15     2268.25   2268.25   2268.25     0.000 extra
15     1916.13   1916.14   1916.14     0.003 intra

16     2140.82   2140.82   2140.82     0.000 extra
16     1808.48   1808.48   1808.49     0.004 intra

17     1990.69   1990.69   1990.69     0.000 extra
17     1681.65   1681.66   1681.66     0.005 intra

18     1819.08   1819.08   1819.08     0.000 extra
18     1536.68   1536.69   1536.69     0.006 intra

19     1627.87   1627.87   1627.87     0.000 extra
19     1375.16   1375.16   1375.17     0.007 intra

20     1419.06   1419.06   1419.06     0.000 extra
20     1198.76   1198.77   1198.77     0.007 intra

21     1194.52   1194.52   1194.52     0.000 extra
21     1009.08   1009.09   1009.09     0.012 intra

22      956.48    956.48    956.48     0.000 extra
22      808.00    808.00    808.01     0.011 intra

23      638.50    638.50     -         0.000 extra
23      593.14    593.14     -         0.002 intra

 Panel distorsions in the leading edge (mm):
 -------------------------------------------
 Panel   D. extra   D. intra
  0      0.0133    0.0012
  1      0.0135    0.0011
  2      0.0107    0.0009
  3      0.0058    0.0006
  4     -0.0009   -0.0001
  5     -0.0099   -0.0009
  6     -0.0216   -0.0016
  7     -0.0319   -0.0031
  8     -0.0409   -0.0046
  9     -0.0608   -0.0064
 10     -0.0808   -0.0079
 11     -0.0001   -0.0099
 12     -0.0001   -0.0127
 13     -0.0002   -0.0148
 14     -0.0005   -0.0219
 15     -0.0015   -0.0346
 16     -0.0041   -0.0516
 17     -0.0087   -0.0730
 18     -0.0164   -0.0958
 19     -0.0250   -0.0167
 20     -0.0177   -0.0243
 21     -0.0046    0.0076
 22     -0.0961   -0.0874

 7. CALAGE AND RISERS VARIATIONS WITH ANGLE

 a) Speed system pivot in last riser:
 -------------------------------------------
 i   alpha       A       B       C  Calage
 1   -0.00    0.00    0.00    0.00   31.00
 2   -1.00   -2.36   -1.40    0.00   26.20
 3   -2.00   -4.71   -2.80    0.00   21.43
 4   -3.00   -7.06   -4.20    0.00   16.72
 5   -4.00   -9.40   -5.60    0.00   12.16

 b) Speed system pivot in first riser:
 -------------------------------------------
 i   alpha       A       B       C  Calage
 1   -0.00    0.00    0.00    0.00   31.00
 2   -1.00    0.00    0.96    2.35   26.19
 3   -2.00    0.00    1.92    4.69   21.37
 4   -3.00    0.00    2.89    7.03   16.54
 5   -4.00    0.00    3.85    9.36   11.72

 c) Trimer system pivot in first riser:
 -------------------------------------------
 i   alpha       A       B       C  Calage
 1    0.00    0.00    0.00    0.00   31.00
 2    1.00    0.00   -0.96   -2.35   35.81
 3    2.00    0.00   -1.92   -4.71   40.61
 4    3.00    0.00   -2.89   -7.07   45.40
 5    4.00    0.00   -3.85   -9.43   50.18

 d) Trimer system pivot in last riser:
 -------------------------------------------
 i   alpha       A       B       C  Calage
 1    0.00    0.00    0.00    0.00   31.00
 2    1.00    2.36    1.40    0.00   35.82
 3    2.00    4.72    2.80    0.00   40.64
 4    3.00    7.08    4.20    0.00   45.47
 5    4.00    9.45    5.60    0.00   50.29

 8. NYLON RODS (JONCS)
 -------------------------------------------
BLOC   1   TYPE  1
 -------------------------------------------
Group  1
 ----------------------------
Jonc   1     76.2
Jonc   2     76.0
Jonc   3     75.6
Jonc   4     75.1
Jonc   5     74.4
Jonc   6     73.5
Jonc   7     72.5
Jonc   8     71.3
Jonc   9     69.9
Jonc  10     68.3
Jonc  11     66.5
Jonc  12     64.6
Jonc  13     62.5
Jonc  14     60.2
Jonc  15     57.6
 ----------------------------
Group  2
 ----------------------------
Jonc  16     56.5
Jonc  17     52.5
Jonc  18     48.0
Jonc  19     43.0
Jonc  20     37.5
Jonc  21     31.5
Jonc  22     25.2
 ----------------------------
Joncs total length m (both sides)    26.77

 9. 3D-SHAPING DETAILS
 -------------------------------------------


 10. INFORMATIVE EXTRADOS AND INTRADOS COEFFICIENTS
 -------------------------------------------
 Rib             panel/rib (left) panel/rib (right)
  0     extrados      1.00000         1.00000
  1     extrados      1.00000         1.00000
  2     extrados      1.00000         1.00000
  3     extrados      1.00000         1.00000
  4     extrados      1.00000         1.00000
  5     extrados      1.00000         1.00000
  6     extrados      1.00000         1.00000
  7     extrados      1.00000         1.00000
  8     extrados      1.00000         1.00000
  9     extrados      1.00000         1.00000
 10     extrados      1.00000         1.00000
 11     extrados      1.00000         1.00000
 12     extrados      1.00000         1.00000
 13     extrados      1.00000         1.00000
 14     extrados      1.00000         1.00000
 15     extrados      1.00000         1.00000
 16     extrados      1.00000         1.00000
 17     extrados      1.00000         1.00000
 18     extrados      1.00000         1.00000
 19     extrados      1.00000         1.00000
 20     extrados      1.00000         1.00000
 21     extrados      1.00000         1.00000
 22     extrados      1.00000         1.00000

  0     intrados      1.00000         1.00000
  1     intrados      1.00000         1.00000
  2     intrados      1.00000         1.00000
  3     intrados      1.00000         1.00000
  4     intrados      1.00000         1.00000
  5     intrados      1.00000         1.00000
  6     intrados      1.00000         1.00000
  7     intrados      1.00000         1.00000
  8     intrados      1.00000         1.00000
  9     intrados      1.00000         1.00000
 10     intrados      1.00000         1.00000
 11     intrados      1.00000         1.00000
 12     intrados      1.00000         1.00000
 13     intrados      1.00000         1.00000
 14     intrados      1.00000         1.00000
 15     intrados      1.00000         1.00000
 16     intrados      1.00000         1.00000
 17     intrados      1.00000         1.00000
 18     intrados      1.00000         1.00000
 19     intrados      1.00000         1.00000
 20     intrados      1.00000         1.00000
 21     intrados      1.00000         1.00000
 22     intrados      1.00000         1.00000

 11. INFORMATION ABOUT AIRFOIL POINTS
 -------------------------------------------
 Rib  Total Extra Vents Intra
  0   111    66     9    38
  1   111    66     9    38
  2   111    66     9    38
  3   111    66     9    38
  4   111    66     9    38
  5   111    66     9    38
  6   111    66     9    38
  7   111    66     9    38
  8   111    66     9    38
  9   111    66     9    38
 10   111    66     9    38
 11   111    66     9    38
 12   111    66     9    38
 13   111    66     9    38
 14   111    66     9    38
 15   111    66     9    38
 16   111    66     9    38
 17   111    66     9    38
 18   111    66     9    38
 19   111    66     9    38
 20   111    66     9    38
 21   111    66     9    38
 22   111    66     9    38
 23   111    66     9    38
