
 LABORATORI D'ENVOL PARAGLIDING 3.15   version "Canigo"                                          
 by Pere Casellas 2010-2021
 http://www.laboratoridenvol.com
 General Public License GNU/GPL 3.0

 Brand: LABORATORI D'ENVOL                                
 Paraglider model: gnu-A+test-3.10                                   
  scale:    1.00000

 1. MAIN PARAMETERS:
 -------------------------------------------------
Flat area =  27.03 m2  291.0 ft2
Flat span =  10.78 m    35.4 ft
Flat A/R =  4.30

Projected area =  23.56 m2  253.6 ft2
Projected span =   8.84 m    29.0 ft
Projected A/R =  3.32
Flattening =   0.13

More geometric parameters:
Vault arrow =   2.40 m
Proj_span/arrow =   3.68
Line heigth (included risers) =   7.27 m
Proj_span/Line_heigth =   1.30
Karabiners - wingtip =   6.23 m
Proj_span/(Karabiners - wingtip) =   1.42

Wing type is: ds

Planform center of gravity at 52.63 % from leading edge

 2. CALAGE PROPERTIES:
 -------------------------------------------------
finesse GR   7.50
glide angle   7.59
AoA   5.40
assiette   2.19
total height hcp (inc risers)    -0. cm
risers    47. cm
calage, pilot centering % cm  31.00   95.81
center pressure (estimation) cm  40.00  123.62
karabiners (x,y,z)      20.00     95.99    727.00

 3. RIB PROPERTIES:
 -------------------------------------------------
 Ribs number =           28
 Cells number =           27

 Rib - Chord - washin - beta 
 -------------------------------------------------
 1     309.06   0.000   2.16
 2     306.89   0.032   6.48
 3     302.56   0.095  10.59
 4     296.11   0.189  14.90
 5     287.55   0.313  18.81
 6     276.91   0.468  23.70
 7     264.10   0.655  28.88
 8     247.61   0.895  33.84
 9     227.16   1.192  38.37
10     203.19   1.541  44.11
11     176.41   1.931  52.52
12     147.58   2.351  59.97
13     117.42   2.790  74.82
14      89.92   4.500  88.56

 Cell   width (cm)
 0       48.74
 1     48.49
 2     48.02
 3     47.30
 4     46.36
 5     45.19
 6     43.77
 7     41.96
 8     39.70
 9     37.05
10     34.10
11     30.91
12     27.59
13     24.19

 4. LINE MATRIX, LINE LENGTHS,AND LINE LOADS:
 Line-plan- level- order- ap  - r - row - rib -  L    -   length -length_e - load (Kg)
 --------------------------------------------------------------------------
  1     1     1     1    12     3     1    12    L =     47.00    47.00    16.50
  2     1     2     1     4     3     1     4    L =    504.00   503.74     6.54
  3     1     2     2     4     3     1     8    L =    492.00   491.77     5.79
  4     1     2     3     4     3     1    12    L =    472.00   471.84     4.17
  5     1     3     1     1     3     1     1    L =    177.25   177.19     1.66
  6     1     3     2     1     3     1     2    L =    164.93   164.87     1.65
  7     1     3     3     1     3     1     3    L =    162.25   162.20     1.63
  8     1     3     4     1     3     1     4    L =    169.41   169.36     1.59
  9     1     3     5     1     3     1     5    L =    176.48   176.43     1.55
 10     1     3     6     1     3     1     6    L =    165.20   165.15     1.49
 11     1     3     7     1     3     1     7    L =    161.57   161.52     1.42
 12     1     3     8     1     3     1     8    L =    165.54   165.49     1.33
 13     1     3     9     1     3     1     9    L =    177.73   177.69     1.22
 14     1     3    10     1     3     1    10    L =    166.84   166.80     1.09
 15     1     3    11     1     3     1    11    L =    160.68   160.65     0.95
 16     1     3    12     1     3     1    12    L =    158.94   158.92     0.91
 17     2     1     1    16     3     4    14    L =     47.00    47.00    17.88
 18     2     2     1     4     3     2     4    L =    496.00   495.74     6.54
 19     2     2     2     4     3     2     8    L =    484.00   483.78     5.79
 20     2     2     3     4     3     2    12    L =    468.00   467.84     4.17
 21     2     2     4     4     3     4    14    L =    447.00   446.95     1.38
 22     2     3     1     1     3     2     1    L =    177.10   177.04     1.66
 23     2     3     2     1     3     2     2    L =    164.85   164.79     1.65
 24     2     3     3     1     3     2     3    L =    162.12   162.07     1.63
 25     2     3     4     1     3     2     4    L =    169.09   169.04     1.59
 26     2     3     5     1     3     2     5    L =    176.22   176.16     1.55
 27     2     3     6     1     3     2     6    L =    165.54   165.49     1.49
 28     2     3     7     1     3     2     7    L =    162.28   162.24     1.42
 29     2     3     8     1     3     2     8    L =    166.34   166.29     1.33
 30     2     3     9     1     3     2     9    L =    175.43   175.39     1.22
 31     2     3    10     1     3     2    10    L =    165.82   165.78     1.09
 32     2     3    11     1     3     2    11    L =    160.38   160.35     0.95
 33     2     3    12     1     3     2    12    L =    161.44   161.41     0.91
 34     2     3    13     1     3     1    14    L =    160.60   160.58     0.48
 35     2     3    14     1     3     2    14    L =    159.15   159.13     0.48
 36     2     3    15     1     3     3    14    L =    162.24   162.23     0.28
 37     2     3    16     1     3     4    14    L =    169.62   169.61     0.14
 38     3     1     1    23     3     4    11    L =     47.00    47.00    13.82
 39     3     2     1     8     3     4     4    L =    508.00   507.77     5.60
 40     3     2     2     8     3     4     8    L =    497.00   496.80     4.96
 41     3     2     3     7     3     4    11    L =    481.00   480.87     3.25
 42     3     3     1     1     3     3     1    L =    172.38   172.34     0.95
 43     3     3     2     1     3     3     2    L =    159.88   159.85     0.94
 44     3     3     3     1     3     3     3    L =    157.31   157.28     0.93
 45     3     3     4     1     3     3     4    L =    164.81   164.78     0.91
 46     3     3     5     1     3     4     1    L =    189.68   189.66     0.48
 47     3     3     6     1     3     4     2    L =    178.09   178.07     0.47
 48     3     3     7     1     3     4     3    L =    175.45   175.43     0.47
 49     3     3     8     1     3     4     4    L =    181.84   181.83     0.46
 50     3     3     9     1     3     3     5    L =    171.08   171.05     0.88
 51     3     3    10     1     3     3     6    L =    160.04   160.01     0.85
 52     3     3    11     1     3     3     7    L =    156.68   156.66     0.81
 53     3     3    12     1     3     3     8    L =    160.71   160.69     0.76
 54     3     3    13     1     3     4     5    L =    187.07   187.05     0.44
 55     3     3    14     1     3     4     6    L =    176.15   176.13     0.43
 56     3     3    15     1     3     4     7    L =    172.19   172.18     0.41
 57     3     3    16     1     3     4     8    L =    175.03   175.02     0.38
 58     3     3    17     1     3     3     9    L =    168.11   168.09     0.70
 59     3     3    18     1     3     3    10    L =    159.37   159.35     0.62
 60     3     3    19     1     3     3    11    L =    154.43   154.41     0.54
 61     3     3    20     1     3     3    12    L =    159.91   159.89     0.45
 62     3     3    21     1     3     4     9    L =    179.56   179.55     0.35
 63     3     3    22     1     3     4    10    L =    170.34   170.33     0.31
 64     3     3    23     1     3     4    11    L =    164.49   164.48     0.27
 65     4     1     1    12     4     6    13    L =    270.00     0.00     0.00
 66     4     2     1     4     4     6     5    L =    144.00     0.00     0.00
 67     4     2     2     4     4     6     9    L =    113.00     0.00     0.00
 68     4     2     3     4     4     6    13    L =     91.00     0.00     0.00
 69     4     3     1     2     4     6     3    L =    150.00     0.00     0.00
 70     4     3     2     2     4     6     5    L =    150.00     0.00     0.00
 71     4     3     3     2     4     6     7    L =    150.00     0.00     0.00
 72     4     3     4     2     4     6     9    L =    150.00     0.00     0.00
 73     4     3     5     4     4     6    13    L =    150.00     0.00     0.00
 74     4     4     1     1     4     6     2    L =    172.96     0.00     0.00
 75     4     4     2     1     4     6     3    L =    159.29     0.00     0.00
 76     4     4     3     1     4     6     4    L =    149.12     0.00     0.00
 77     4     4     4     1     4     6     5    L =    142.74     0.00     0.00
 78     4     4     5     1     4     6     6    L =    165.03     0.00     0.00
 79     4     4     6     1     4     6     7    L =    156.81     0.00     0.00
 80     4     4     7     1     4     6     8    L =    150.73     0.00     0.00
 81     4     4     8     1     4     6     9    L =    146.96     0.00     0.00
 82     4     4     9     1     4     6    10    L =    165.98     0.00     0.00
 83     4     4    10     1     4     6    11    L =    156.60     0.00     0.00
 84     4     4    11     1     4     6    12    L =    150.13     0.00     0.00
 85     4     4    12     1     4     6    13    L =    144.83     0.00     0.00

Total line lengths (without loops) =    327.36
Total line lengths (with loops) =    361.36
 (estimation of 10 cm additional per loop)


 5. Adjustment seam parameters on the inner side
 of extrados panels (fig. 10 of the manual)
 -------------------------------------------------
 Not used ( ndif=1000 )


 6. VERIFICATION Panels and rib differences (mm):
 -------------------------------------------------
 NOTE: Maximal accuracy << 0.02 mm in extrados and intrados panels

 Number - Panel at left - Rib - Panel at right - max dif (mm)

 1     3421.81   3421.81   3421.81     0.000 extra
 1     2890.62   2890.62   2890.62     0.001 intra

 2     3397.78   3397.78   3397.78     0.000 extra
 2     2870.32   2870.32   2870.32     0.001 intra

 3     3349.84   3349.84   3349.84     0.000 extra
 3     2829.82   2829.82   2829.83     0.002 intra

 4     3278.43   3278.43   3278.43     0.000 extra
 4     2769.50   2769.50   2769.50     0.003 intra

 5     3183.66   3183.66   3183.66     0.000 extra
 5     2689.44   2689.44   2689.44     0.002 intra

 6     3065.86   3065.86   3065.86     0.000 extra
 6     2589.92   2589.92   2589.92     0.004 intra

 7     2924.03   2924.03   2924.03     0.000 extra
 7     2470.11   2470.11   2470.11     0.005 intra

 8     2741.46   2741.46   2741.46     0.000 extra
 8     2315.88   2315.88   2315.89     0.006 intra

 9     2515.04   2515.04   2515.04     0.000 extra
 9     2124.61   2124.61   2124.62     0.007 intra

10     2249.65   2249.65   2249.65     0.000 extra
10     1900.41   1900.42   1900.43     0.010 intra

11     1953.15   1953.15   1953.15     0.000 extra
11     1649.94   1649.95   1649.96     0.012 intra

12     1633.96   1633.96   1633.96     0.000 extra
12     1380.30   1380.31   1380.31     0.011 intra

13     1300.04   1300.04   1300.04     0.000 extra
13     1098.20   1098.22   1098.24     0.021 intra

14      899.25    899.25     -         0.000 extra
14      835.37    835.37     -         0.003 intra

 Panel distorsions in the leading edge (mm):
 -------------------------------------------
 Panel   D. extra   D. intra
  0      0.0760    0.0026
  1      0.0677    0.0018
  2      0.0389    0.0002
  3      0.0031   -0.0032
  4     -0.0619   -0.0076
  5     -0.0000   -0.0156
  6     -0.0001   -0.0227
  7     -0.0008   -0.0433
  8     -0.0041   -0.0726
  9     -0.0107   -0.0092
 10     -0.0157   -0.0165
 11     -0.0326   -0.0267
 12     -0.0299   -0.0463
 13     -0.0384   -0.0395

 7. CALAGE AND RISERS VARIATIONS WITH ANGLE

 a) Speed system pivot in last riser:
 -------------------------------------------
 i   alpha       A       B       C  Calage
 1   -0.00    0.00    0.00    0.00   31.00
 2   -1.00   -2.68   -1.60    0.00   26.90
 3   -2.00   -5.36   -3.20    0.00   22.83
 4   -3.00   -8.04   -4.80    0.00   18.80
 5   -4.00  -10.70   -6.39    0.00   14.86

 b) Speed system pivot in first riser:
 -------------------------------------------
 i   alpha       A       B       C  Calage
 1   -0.00    0.00    0.00    0.00   31.00
 2   -1.00    0.00    1.10    2.67   26.89
 3   -2.00    0.00    2.20    5.34   22.78
 4   -3.00    0.00    3.29    8.00   18.66
 5   -4.00    0.00    4.39   10.65   14.54

 c) Trimer system pivot in first riser:
 -------------------------------------------
 i   alpha       A       B       C  Calage
 1    0.00    0.00    0.00    0.00   31.00
 2    1.00    0.00   -1.10   -2.68   35.10
 3    2.00    0.00   -2.19   -5.36   39.20
 4    3.00    0.00   -3.29   -8.05   43.28
 5    4.00    0.00   -4.39  -10.74   47.36

 d) Trimer system pivot in last riser:
 -------------------------------------------
 i   alpha       A       B       C  Calage
 1    0.00    0.00    0.00    0.00   31.00
 2    1.00    2.69    1.60    0.00   35.11
 3    2.00    5.38    3.20    0.00   39.23
 4    3.00    8.07    4.80    0.00   43.35
 5    4.00   10.77    6.39    0.00   47.47

 8. NYLON RODS (JONCS)
 -------------------------------------------
BLOC   1   TYPE  1
 -------------------------------------------
Group  1
 ----------------------------
Jonc   1     91.0
Jonc   2     90.4
Jonc   3     89.1
Jonc   4     87.2
Jonc   5     84.7
Jonc   6     81.5
Jonc   7     77.8
Jonc   8     72.9
Jonc   9     66.9
Jonc  10     59.8
 ----------------------------
Group  2
 ----------------------------
Jonc  11     51.9
Jonc  12     43.5
Jonc  13     34.6
 ----------------------------
Joncs total length m (both sides)    18.63

 9. 3D-SHAPING DETAILS
 -------------------------------------------

 -------------------------------------
 zone   rib      d1       d2    d2-d1 
 -------------------------------------
 z1      1     0.00     0.00     0.00
 z3      1    33.62    39.62     6.00
f13      1     1.23
 z4      1    15.68    16.10     0.41
 -------------------------------------
 zone   rib      d1       d2    d2-d1 
 -------------------------------------
 z1      2     0.00     0.00     0.00
 z3      2    33.50    39.47     5.97
f13      2     1.23
 z4      2    15.63    16.04     0.41
 -------------------------------------
 zone   rib      d1       d2    d2-d1 
 -------------------------------------
 z1      3     0.00     0.00     0.00
 z3      3    33.15    39.04     5.89
f13      3     1.21
 z4      3    15.46    15.87     0.41
 -------------------------------------
 zone   rib      d1       d2    d2-d1 
 -------------------------------------
 z1      4     0.00     0.00     0.00
 z3      4    32.56    38.36     5.80
f13      4     1.20
 z4      4    15.19    15.59     0.40
 -------------------------------------
 zone   rib      d1       d2    d2-d1 
 -------------------------------------
 z1      5     0.00     0.00     0.00
 z3      5    31.75    37.39     5.64
f13      5     1.17
 z4      5    14.81    15.20     0.39
 -------------------------------------
 zone   rib      d1       d2    d2-d1 
 -------------------------------------
 z1      6     0.00     0.00     0.00
 z3      6    30.70    36.28     5.58
f13      6     1.15
 z4      6    14.32    14.71     0.39
 -------------------------------------
 zone   rib      d1       d2    d2-d1 
 -------------------------------------
 z1      7     0.00     0.00     0.00
 z3      7    29.42    34.85     5.43
f13      7     1.12
 z4      7    13.72    14.10     0.37
 -------------------------------------
 zone   rib      d1       d2    d2-d1 
 -------------------------------------
 z1      8     0.00     0.00     0.00
 z3      8    27.83    33.07     5.24
f13      8     1.08
 z4      8    12.98    13.34     0.36
 -------------------------------------
 zone   rib      d1       d2    d2-d1 
 -------------------------------------
 z1      9     0.00     0.00     0.00
 z3      9    25.82    30.82     5.00
f13      9     1.03
 z4      9    12.04    12.39     0.35
 -------------------------------------
 zone   rib      d1       d2    d2-d1 
 -------------------------------------
 z1     10     0.00     0.00     0.00
 z3     10    23.40    28.18     4.78
f13     10     0.99
 z4     10    10.92    11.24     0.33
 -------------------------------------
 zone   rib      d1       d2    d2-d1 
 -------------------------------------
 z1     11     0.00     0.00     0.00
 z3     11    20.62    25.17     4.56
f13     11     0.95
 z4     11     9.63     9.93     0.31
 -------------------------------------
 zone   rib      d1       d2    d2-d1 
 -------------------------------------
 z1     12     0.00     0.00     0.00
 z3     12    17.60    21.79     4.19
f13     12     0.87
 z4     12     8.22     8.50     0.29
 -------------------------------------
 zone   rib      d1       d2    d2-d1 
 -------------------------------------
 z1     13     0.00     0.00     0.00
 z3     13    19.22    24.33     5.12
f13     13     2.56
 z4     13     6.71     6.98     0.26
 -------------------------------------
 zone   rib      d1       d2    d2-d1 
 -------------------------------------
 z1     14     0.00     0.00     0.00
 z3     14    10.22    15.24     5.02
f13     14     2.51
 z4     14     5.71     5.79     0.08

 10. INFORMATIVE EXTRADOS AND INTRADOS COEFFICIENTS
 -------------------------------------------
 Rib             panel/rib (left) panel/rib (right)
  0     extrados      1.00000         1.00000
  1     extrados      1.00000         1.00000
  2     extrados      1.00000         1.00000
  3     extrados      1.00000         1.00000
  4     extrados      1.00000         1.00000
  5     extrados      1.00000         1.00000
  6     extrados      1.00000         1.00000
  7     extrados      1.00000         1.00000
  8     extrados      1.00000         1.00000
  9     extrados      1.00000         1.00000
 10     extrados      1.00000         1.00000
 11     extrados      1.00000         1.00000
 12     extrados      1.00000         1.00000
 13     extrados      1.00000         1.00000

  0     intrados      1.00000         1.00000
  1     intrados      1.00000         1.00000
  2     intrados      1.00000         1.00000
  3     intrados      1.00000         1.00000
  4     intrados      1.00000         1.00000
  5     intrados      1.00000         1.00000
  6     intrados      1.00000         1.00000
  7     intrados      1.00000         1.00000
  8     intrados      1.00000         1.00000
  9     intrados      1.00000         1.00000
 10     intrados      1.00000         1.00000
 11     intrados      1.00000         1.00000
 12     intrados      1.00000         1.00000
 13     intrados      1.00000         1.00000

 11. INFORMATION ABOUT AIRFOIL POINTS
 -------------------------------------------
 Rib  Total Extra Vents Intra
  0   111    66     9    38
  1   111    66     9    38
  2   111    66     9    38
  3   111    66     9    38
  4   111    66     9    38
  5   111    66     9    38
  6   111    66     9    38
  7   111    66     9    38
  8   111    66     9    38
  9   111    66     9    38
 10   111    66     9    38
 11   111    66     9    38
 12   111    66     9    38
 13   111    66     9    38
 14   111    66     9    38
