**************************************************************
* LABORATORI D'ENVOL PARAGLIDING DESIGN                      *
* Input data file version 3.15                               *
**************************************************************
* Version 2021-01-17
**************************************************************
*             1. GEOMETRY                                    *
**************************************************************
* Brand name
"LABORATORI D'ENVOL"
* Wing name
"gnuGUI-test"
* Drawing scale
1.5
* Wing scale 
1.0
* Number of cells
	45
* Number of ribs
	46
* Alpha max and parameter 
	4.5     1
* Paraglider type and parameter
  "ds" 	1
* Rib geometric parameters
* Rib	x-rib	y-LE	y-TE	xp	z	beta	RP
 1      14.13        .05     270.99      14.13        .13       1.01      33.33        .00
 2      42.37        .43     270.75      42.34       1.20       3.17      33.33        .00
 3      70.55       1.20     270.28      70.45       3.32       5.34      33.33        .00
 4      98.66       2.36     269.56      98.37       6.49       7.51      33.33        .00
 5     126.66       3.90     268.62     126.06      10.68       9.68      33.33        .00
 6     154.53       5.83     267.43     153.44      15.88      11.85      33.33        .00
 7     182.25       8.14     266.01     180.46      22.05      13.86      33.33        .00
 8     209.78      10.85     264.37     207.05      29.20      16.26      33.33        .00
 9     237.11      13.95     262.49     233.06      37.55      19.36      33.33        .00
10     264.20      17.45     260.38     258.39      47.15      22.25      33.33        .00
11     291.03      21.35     258.05     282.96      57.92      25.14      33.33        .00
12     317.57      25.66     255.49     306.70      69.79      28.03      33.33        .00
13     343.80      30.39     252.71     329.55      82.67      30.92      33.33        .00
14     369.69      35.54     249.71     351.44      96.48      33.60      33.33        .00
15     395.19      41.60     246.47     372.32     111.11      36.62      33.33        .00
16     420.21      49.59     242.95     391.88     126.70      40.38      33.33        .00
17     444.66      59.39     239.19     409.96     143.17      44.14      33.33        .00
18     468.47      70.89     235.19     426.48     160.30      47.90      33.33        .00
19     491.56      83.97     231.00     441.44     177.88      51.29      33.33        .00
20     513.86      98.46     226.63     454.81     195.72      55.64      33.33        .00
21     535.31     114.23     222.12     464.98     214.57      67.43      33.33        .00
22     555.88     131.11     217.50     470.95     234.22      78.87      33.33        .00
23     575.50     148.95     212.80     472.98     253.71      89.23      33.33        .00
**************************************************************
*             2. AIRFOILS       	                     *
**************************************************************
* Airfoil name. intake in. intake out. open. disp   rweight 
1	gnua.txt 	1.6	6.3	1	0	1     15
2	gnua.txt 	1.6	6.3	1	0	1     15
3	gnua.txt 	1.6	6.3	1	0	1     15
4	gnua.txt 	1.6	6.3	1	0	1     15
5	gnua.txt 	1.6	6.3	1	0	1     15
6	gnua.txt 	1.6	6.3	1	0	1     15
7	gnua.txt 	1.6	6.3	1	0	1     15
8	gnua.txt 	1.6	6.3	1	0	1     15
9	gnua.txt 	1.6	6.3	1	0	1     15
10	gnua.txt 	1.6	6.3	1	0	1     15
11	gnua.txt 	1.6	6.3	1	0	1     15
12	gnua.txt 	1.6	6.3	1	0	1     15
13	gnua.txt 	1.6	6.3	1	0	1     15
14	gnua.txt 	1.6	6.3	1	0	1     15
15	gnua.txt 	1.6	6.3	1	0	1     15
16	gnua.txt 	1.6	6.3	1	0	1     15
17	gnua.txt 	1.6	6.3	1	0	1     15
18	gnua.txt 	1.6	6.3	1	0	1     15
19	gnua.txt 	1.6	6.3	1	0	1     15
20	gnua.txt 	1.6	6.3	1	0	1     15
21	gnua.txt 	1.6	6.3	0	0	1     15
22	gnua.txt	1.6	6.3	0	0	1     15
23	gnuat.txt	0.0	6.3	0	0	1     15
*************************************************************
*            3. ANCHOR POINTS                               *
*************************************************************
* Airf	Anch	A	B	C	D	E	F
1	4	8.5	28	52.5	77	0	0
2	4	8.5	28	52.5	77	0	100
3	4	8.5	28	52.5	77	0	100
4	4	8.5	28	52.5	77	0	100
5	4	8.5	28	52.5	77	0	100
6	4	8.5	28	52.5	77	0	100
7	4	8.5	28	52.5	77	0	100
8	4	8.5	28	52.5	77	0	100
9	4	8.5	28	52.5	77	0	100
10	4	8.5	28	52.5	77	0	100
11	4	8.5	28	52.5	77	0	100
12	4	8.5	28	52.5	77	0	100
13	4	8.5	28	52.5	77	0	100
14	4	8.7	28	52.5	77	0	100
15	4	8.85	28	52.5	77	0	100
16	4	9.0	28	52.5	77	0	100
17	4	9.5	28	52.5	77	0	100
18	4	10.0	28	52.5	77	0	100
19	3	10.25	31.25	59	0	0	100
20	3	10.5	35	65	0	0	100
21	0	0	0	0	0	0	100
22	0	0	0	0	0	0	100
23	4	5.	30	60	85	0	100
*************************************************************
*          4. AIRFOIL HOLES                                 *
*************************************************************
18
1
1
7
3 16.83 -4.70 -5.93 19.96  7.20  1.1 0
3 19.42 -5.00  5.86 20.18  0.0   1.1 0
3 38.96 -5.21 -8.06 15.57 -2.13  1.1 0  
3 41.54 -5.15  8.06 14.35  3.80  1.1 0
3 63.46 -3.60 -7.80  9.49 -6.00  1.1 0
3 66.04 -3.28  7.70  7.68  6.77  1.1 0
1 83.87	0.35   1.60  1.60  0.00    0 0
2
2
12
1 11.04  0.10 2.57 4.24 0.00 0 0
1 18.89  2.00 3.19 6.93 0.00 0 0
1 25.75 -2.05 1.77 3.15 0.00 0 0
1 31.94 -0.72 2.29 4.35 0.00 0 0
1 39.70  1.77 3.44 6.66 0.00 0 0
1 48.00  -1.10 2.72 4.22 0.00 0 0
1 55.98  -0.70 2.62 3.72 0.00 0 0
1 63.59  0.56 2.67 3.79 0.00 0 0
1 70.48  0.22 2.46 2.78 0.00 0 0
1 76.72  -0.52 1.93 1.99 0.00 0 0
1 81.91  0.62 1.11 1.68 0.00 0 0
1 86.82  0.39 1.35 1.10 0.00 0 0 
3
4
7
3 16.83 -4.70 -5.93 19.96  7.20  1.1 0
3 19.42 -5.00  5.86 20.18  0.0   1.1 0
3 38.96 -5.21 -8.06 15.57 -2.13  1.1 0  
3 41.54 -5.15  8.06 14.35  3.80  1.1 0
3 63.46 -3.60 -7.80  9.49 -6.00  1.1 0
3 66.04 -3.28  7.70  7.68  6.77  1.1 0
1 83.87	0.35   1.60  1.60  0.00    0 0
5
5
12
1 11.04  0.10 2.57 4.24 0.00 0 0
1 18.89  2.00 3.19 6.93 0.00 0 0
1 25.75 -2.05 1.77 3.15 0.00 0 0
1 31.94 -0.72 2.29 4.35 0.00 0 0
1 39.70  1.77 3.44 6.66 0.00 0 0
1 48.00  -1.10 2.72 4.22 0.00 0 0
1 55.98  -0.70 2.62 3.72 0.00 0 0
1 63.59  0.56 2.67 3.79 0.00 0 0
1 70.48  0.22 2.46 2.78 0.00 0 0
1 76.72  -0.52 1.93 1.99 0.00 0 0
1 81.91  0.62 1.11 1.68 0.00 0 0
1 86.82  0.39 1.35 1.10 0.00 0 0 
6
7
7
3 16.83 -4.70 -5.93 19.96  7.20  1.1 0
3 19.42 -5.00  5.86 20.18  0.0   1.1 0
3 38.96 -5.21 -8.06 15.57 -2.13  1.1 0  
3 41.54 -5.15  8.06 14.35  3.80  1.1 0
3 63.46 -3.60 -7.80  9.49 -6.00  1.1 0
3 66.04 -3.28  7.70  7.68  6.77  1.1 0
1 83.87	0.35   1.60  1.60  0.00    0 0
8
8
12
1 11.04  0.10 2.57 4.24 0.00 0 0
1 18.89  2.00 3.19 6.93 0.00 0 0
1 25.75 -2.05 1.77 3.15 0.00 0 0
1 31.94 -0.72 2.29 4.35 0.00 0 0
1 39.70  1.77 3.44 6.66 0.00 0 0
1 48.00  -1.10 2.72 4.22 0.00 0 0
1 55.98  -0.70 2.62 3.72 0.00 0 0
1 63.59  0.56 2.67 3.79 0.00 0 0
1 70.48  0.22 2.46 2.78 0.00 0 0
1 76.72  -0.52 1.93 1.99 0.00 0 0
1 81.91  0.62 1.11 1.68 0.00 0 0
1 86.82  0.39 1.35 1.10 0.00 0 0 
9
9
7
3 16.83 -4.70 -5.93 19.96  7.20  1.1 0
3 19.42 -5.00  5.86 20.18  0.0   1.1 0
3 38.96 -5.21 -8.06 15.57 -2.13  1.1 0  
3 41.54 -5.15  8.06 14.35  3.80  1.1 0
3 63.46 -3.60 -7.80  9.49 -6.00  1.1 0
3 66.04 -3.28  7.70  7.68  6.77  1.1 0
1 83.87	0.35   1.60  1.60  0.00    0 0
10
10
12
1 11.04  0.10 2.57 4.24 0.00 0 0
1 18.89  2.00 3.19 6.93 0.00 0 0
1 25.75 -2.05 1.77 3.15 0.00 0 0
1 31.94 -0.72 2.29 4.35 0.00 0 0
1 39.70  1.77 3.44 6.66 0.00 0 0
1 48.00  -1.10 2.72 4.22 0.00 0 0
1 55.98  -0.70 2.62 3.72 0.00 0 0
1 63.59  0.56 2.67 3.79 0.00 0 0
1 70.48  0.22 2.46 2.78 0.00 0 0
1 76.72  -0.52 1.93 1.99 0.00 0 0
1 81.91  0.62 1.11 1.68 0.00 0 0
1 86.82  0.39 1.35 1.10 0.00 0 0 
11
11
7
3 16.83 -4.70 -5.93 19.96  7.20  1.1 0
3 19.42 -5.00  5.86 20.18  0.0   1.1 0
3 38.96 -5.21 -8.06 15.57 -2.13  1.1 0  
3 41.54 -5.15  8.06 14.35  3.80  1.1 0
3 63.46 -3.60 -7.80  9.49 -6.00  1.1 0
3 66.04 -3.28  7.70  7.68  6.77  1.1 0
1 83.87	0.35   1.60  1.60  0.00    0 0
12
12
12
1 11.04  0.10 2.57 4.24 0.00 0 0
1 18.89  2.00 3.19 6.93 0.00 0 0
1 25.75 -2.05 1.77 3.15 0.00 0 0
1 31.94 -0.72 2.29 4.35 0.00 0 0
1 39.70  1.77 3.44 6.66 0.00 0 0
1 48.00  -1.10 2.72 4.22 0.00 0 0
1 55.98  -0.70 2.62 3.72 0.00 0 0
1 63.59  0.56 2.67 3.79 0.00 0 0
1 70.48  0.22 2.46 2.78 0.00 0 0
1 76.72  -0.52 1.93 1.99 0.00 0 0
1 81.91  0.62 1.11 1.68 0.00 0 0
1 86.82  0.39 1.35 1.10 0.00 0 0 
13
14
7
3 16.83 -4.70 -5.93 19.96  7.20  1.1 0
3 19.42 -5.00  5.86 20.18  0.0   1.1 0
3 38.96 -5.21 -8.06 15.57 -2.13  1.1 0  
3 41.54 -5.15  8.06 14.35  3.80  1.1 0
3 63.46 -3.60 -7.80  9.49 -6.00  1.1 0
3 66.04 -3.28  7.70  7.68  6.77  1.1 0
1 83.87	0.35   1.60  1.60  0.00    0 0
15
15
12
1 11.04  0.10 2.57 4.24 0.00 0 0
1 18.89  2.00 3.19 6.93 0.00 0 0
1 25.75 -2.05 1.77 3.15 0.00 0 0
1 31.94 -0.72 2.29 4.35 0.00 0 0
1 39.70  1.77 3.44 6.66 0.00 0 0
1 48.00  -1.10 2.72 4.22 0.00 0 0
1 55.98  -0.70 2.62 3.72 0.00 0 0
1 63.59  0.56 2.67 3.79 0.00 0 0
1 70.48  0.22 2.46 2.78 0.00 0 0
1 76.72  -0.52 1.93 1.99 0.00 0 0
1 81.91  0.62 1.11 1.68 0.00 0 0
1 86.82  0.39 1.35 1.10 0.00 0 0 
16
16
7
3 16.83 -4.70 -5.93 19.96  7.20  1.1 0
3 19.42 -5.00  5.86 20.18  0.0   1.1 0
3 38.96 -5.21 -8.06 15.57 -2.13  1.1 0  
3 41.54 -5.15  8.06 14.35  3.80  1.1 0
3 63.46 -3.60 -7.80  9.49 -6.00  1.1 0
3 66.04 -3.28  7.70  7.68  6.77  1.1 0
1 83.87	0.35   1.60  1.60  0.00    0 0
17
17
12
1 11.04  0.10 2.57 4.24 0.00 0 0
1 18.89  2.00 3.19 6.93 0.00 0 0
1 25.75 -2.05 1.77 3.15 0.00 0 0
1 31.94 -0.72 2.29 4.35 0.00 0 0
1 39.70  1.77 3.44 6.66 0.00 0 0
1 48.00  -1.10 2.72 4.22 0.00 0 0
1 55.98  -0.70 2.62 3.72 0.00 0 0
1 63.59  0.56 2.67 3.79 0.00 0 0
1 70.48  0.22 2.46 2.78 0.00 0 0
1 76.72  -0.52 1.93 1.99 0.00 0 0
1 81.91  0.62 1.11 1.68 0.00 0 0
1 86.82  0.39 1.35 1.10 0.00 0 0 
18
18
7
3 16.83 -4.70 -5.93 19.96  7.20  1.1 0
3 19.42 -5.00  5.86 20.18  0.0   1.1 0
3 38.96 -5.21 -8.06 15.57 -2.13  1.1 0  
3 41.54 -5.15  8.06 14.35  3.80  1.1 0
3 63.46 -3.60 -7.80  9.49 -6.00  1.1 0
3 66.04 -3.28  7.70  7.68  6.77  1.1 0
1 83.87	0.35   1.60  1.60  0.00    0 0
19
19
10
1 11.04  0.00 2.57 4.24 0.00 0 0
1 18.89  1.96 3.19 6.93 0.00 0 0
1 29.71 -0.65 4.53 4.58 0.00 0 0
1 40.62 -0.37 2.92 4.84 0.00 0 0
1 49.50  1.23 2.92 5.48 0.00 0 0
1 58.88 -0.11 2.49 3.35 0.00 0 0
1 69.57  1.05 2.29 3.06 0.00 0 0
1 76.72  0.62 1.93 1.99 0.00 0 0
1 81.91  0.92 1.11 1.68 0.00 0 0
1 86.82  0.69 1.35 1.10 0.00 0 0 
20
20
5
3 20.32 -4.80 -6.22 19.33  4.61  1.2 0
3 22.92 -4.80  6.22 19.22  0.0   1.2 0
3 48.70 -4.35 -7.03 15.55 -5.10  1.2 0  
3 51.29 -4.18  7.03 12.81  5.10  1.2 0
1 74.56	 0.85  4.20  2.11  0.00    0 0
21
23
4
1 18.	2.22	6.0	6.0	0. 0 0
1 38	1.92    5.0     5.0     0. 0 0
1 60.0	1.62	3.5	3.5	0. 0 0
1 81.	1.1	1.7	1.7	0. 0 0
*************************************************************
*           5. SKIN TENSION                                 *
*************************************************************
Extrados                Intrados
0.		1.0	0.		0.
7.5		1.3	10.		1.33
15.		2.5	20.		2.5
80.		2.5	80.		2.5
90.		1.33	90.		1.33
100.		0.0	100.		0.5
0.0114
1000	1.0
*************************************************************
*           6. SEWING ALLOWANCES                            *
*************************************************************
15	25	25	upper panels (mm)
15	25	25	lower panels (mm)
15	ribs (mm)
15	vribs (mm)
*************************************************************
*           7. MARKS
*************************************************************
25.	0.5	0.2
************************************************************
*           8. Global angle of attack estimation           *
*************************************************************
* Finesse GR
	8.6
* Center of pressure % of chord
	43
* Calage %
	31
* Risers lenght cm
	47
* Line lenght cm
	700
* Karabiners cm
	40
***************************************************
*          9. SUSPENSION LINES DESCRIPTION
***************************************************
0
3
12
4	1 1	2 1	3 1	4 1 	1 1
4	1 1	2 1	3 1	4 2	1 3
4	1 1	2 1	3 2	4 3	1 4
4	1 1	2 1	3 2	4 4	1 6
4	1 1	2 2	3 3	4 5	1 7
4	1 1	2 2	3 3	4 6	1 9
4	1 1	2 2	3 4	4 7	1 11
4	1 1	2 2	3 4	4 8	1 13
4	1 1	2 3	3 5	4 9	1 14
4	1 1	2 3	3 5	4 10	1 16
4	1 1	2 3	3 6	4 11	1 18
4	1 1	2 3	3 6	4 12	1 20
16
4	1 1	2 1	3 1	4 1 	2 1
4	1 1	2 1	3 1	4 2	2 3
4	1 1	2 1	3 2	4 3	2 4
4	1 1	2 1	3 2	4 4	2 6
4	1 1	2 2	3 3	4 5	2 7
4	1 1	2 2	3 3	4 6	2 9
4	1 1	2 2	3 4	4 7	2 11
4	1 1	2 2	3 4	4 8	2 13
4	1 1	2 3	3 5	4 9	2 14
4	1 1	2 3	3 5	4 10	2 16
4	1 1	2 3	3 6	4 11	2 18
4	1 1	2 3	3 6	4 12	2 20
3	1 1	2 4	3 7	0 0	1 23
3	1 1	2 4	3 8	0 0	2 23
3	1 1	2 4	3 9	0 0	3 23
3	1 1	2 4	3 10	0 0	4 23
22
4	1 1	2 1	3 1	4 1 	3 1
4	1 1	2 1	3 1	4 2	3 3
4	1 1	2 1	3 2	4 3	3 4
4	1 1	2 1	3 2	4 4	3 6
4	1 1	2 1	3 3	4 5 	4 1
4	1 1	2 1	3 3	4 6	4 3
4	1 1	2 1	3 4	4 7	4 4
4	1 1	2 1	3 4	4 8	4 6
4       1 1     2 1     3 4     4 9     4 7
4       1 1     2 2     3 5     4 10    3 7     
4	1 1	2 2	3 5	4 11	3 9
4	1 1	2 2	3 6	4 12	3 11
4	1 1	2 2	3 6	4 13	3 13
4	1 1	2 2	3 7	4 14	4 9
4       1 1     2 2     3 7     4 15    4 11
4	1 1	2 2	3 8	4 16	4 13
4       1 1     2 2     3 8     4 17    4 14
4	1 1	2 2	3 8	4 18	4 16
4	1 1	2 3	3 9	4 19	3 14
4	1 1	2 3	3 9	4 20	3 16
4	1 1	2 3	3 10	4 21	3 18
4	1 1	2 3	3 10	4 22	3 20
***************************************************
*       10. BRAKES
***************************************************
300
11
4	1 1	2 1	3 1	4 1 	6 2
4	1 1	2 1	3 1	4 2	6 4
4	1 1	2 1	3 2	4 3	6 6
4	1 1	2 1	3 2	4 4	6 8
4	1 1	2 2	3 3	4 5	6 10
4	1 1	2 2	3 3	4 6	6 12
4	1 1	2 2	3 4	4 7	6 14
4	1 1	2 2	3 4	4 8	6 16
3	1 1	2 3	3 5	0 0	6 18
3	1 1	2 3	3 6	0 0	6 20
3	1 1	2 3	3 7	0 0	6 22
* Brake distribution
0	25	55	70	100
0 	0	0	0	0
***************************************************
*       11. Ramification lengths
***************************************************
3	180
4	275	100
3	100
4	200	80
***************************************************
*	12. H V and VH ribs
***************************************************
62
80	150
1	1	0 1	1 1	4.0	0	0	0
2	1	0 2	1 2	4.0	0	0	0
3	1	0 3	1 3	4.0	0	0	0
4	1	0 4	1 4	4.0	0	0	0
5	1	3 1	4 1	4.0	0	0	0
6	1	3 2	4 2	4.0	0	0	0
7	1	3 3	4 3	4.0	0	0	0
8	1	3 4	4 4	4.0	0	0	0
9	1	6 1	7 1	4.0	0	0	0
10	1	6 2	7 2	4.0	0	0	0
11	1	6 3	7 3	4.0	0	0	0
12	1	6 4	7 4	4.0	0	0	0
13	1	13 1	14 1	4.0	0	0	0
14	1	13 2	14 2	4.0	0	0	0
15	1	13 3	14 3	4.0	0	0	0
16	1	13 4	14 4	4.0	0	0	0
17	2	1 1	0 1	4.0	10.	80.	90.
18	2	1 2	0 1	4.0	8.5	80.	90.
19	2	1 3	0 1	4.0	8.5	80.	90.
20	2	1 4	0 1	4.0	8.0	80.	90.
21	2	3 1	1 0	4.0	10.	80	90
22	2	3 2	1 0	4.0	8.5	80	90
23	2	3 3	1 0	4.0	8.5	80	90
24	2	3 4	1 0	4.0	8.0	80	90
25	2	4 1	0 1	4.0	10.	80.	90.
26	2	4 2	0 1	4.0	8.5	80.	90.
27	2	4 3	0 1	4.0	8.5	80.	90.
28	2	4 4	0 1	4.0	8.0	80.	90.
29	2	6 1	1 0	4.0	10.	80.	90.
30	2	6 2	1 0	4.0	8.5	80.	90.
31	2	6 3	1 0	4.0	8.5	80.	90.
32	2	6 4	1 0	4.0	8.0	80.	90.
33	2	7 1	0 1	4.0	9.0	80.	90.
34	2	7 2	0 1	4.0	8.5	80.	90.
35	2	7 3	0 1	4.0	8.0	80.	90.
36	2	7 4	0 1	4.0	7.5	80.	90.
37	2	9 1	1 1	4.0	9.0	80	90
38	2	9 2	1 1	4.0	8.5	80	90
39	2	9 3	1 1	4.0	8.0	80	90
40	2	9 4	1 1	4.0	7.5	80	90
41	2	11 1	1 1	4.0	9.0	80.	90.
42	2	11 2	1 1	4.0	8.5	80.	90.
43	2	11 3	1 1	4.0	8.0	80.	90.
44	2	11 4	1 1	4.0	7.5	80.	90.
45	2	13 1	1 0	4.0	9.0	80.	90.
46	2	13 2	1 0	4.0	8.5	80.	90.
47	2	13 3	1 0	4.0	8.0	80.	90.
48	2	13 4	1 0	4.0	7.5	80.	90.
49	2	14 1	0 1	4.0	8.0	80	90
50	2	14 2	0 1	4.0	7.5	80	90
51	2	14 3	0 1	4.0	7.5	80	90
52	2	14 4	0 1	4.0	7.0	80	90
53	2	16 1	1 1	4.0	8.0	80.	90.
54	2	16 2	1 1	4.0	7.5	80.	90.
55	2	16 3	1 1	4.0	7.5	80.	90.
56	2	16 4	1 0	4.0	7.0	80.	90.
57	2	18 1	1 1	4.0	8.0	80.	90.
58	2	18 2	1 1	4.0	7.5	80.	90.
59	2	18 3	1 1	4.0	7.5	80.	90.
60	2	20 1	1 0	4.0	8.0	80.	90.
61	2	20 2	1 0	4.0	7.5	80.	90.
62	2	20 3	1 0	4.0	7.5	80.	90.
*****************************************************
*	15. Extrados colors
*****************************************************
1
1	1
1	0.	0.
*****************************************************
*	16. Intrados colors
*****************************************************
1
1	1
1	0.	0.
*****************************************************
*       17. Aditional rib points
*****************************************************
2
7.0	8.15
12.0	-4.5
*****************************************************
*       18. Elastic lines corrections
*****************************************************
100
75	25
40	40	20
35	35	20	10
35	35	15	10	5
1	0.08	0.2	0.2	
2	0.08	0.2	0.2
3	0.08	0.2	0.2
4	0.08	0.2	0.2
5	0.08	0.2	0.2
******************************************************
*       19. DXF layer names
******************************************************
10
general         default
line-external	cutexternal
line-sewing     cutinternal
points		points
circles		circles
triangles       triangle
square          square
text		text
reference       refer
notes           notes
******************************************************
*       20. Marks types
******************************************************
10
typepoint   1  0.25  1.2     2  0.3  1.2
typepoint2  1  0.25  1.2     2  0.2  1.2
typepoint3  1  0.25  1.2     2  0.2  1.2
typevent    1  10.   0.0     2  2.0  0.0
typetab     1  10.   0.0     3  2.0  0.0
typejonc    1  10.   0.0     2  2.0  0.0
typeref     1  5.0   1.      1  2.0  0.0
type8       1  0.2   5.0     1  0.0  5.0
type9       1  0.0   7.0     1  3.2  4.5
type10      1  0.0   6.0     1  0.0  3.33
*******************************************************
*       21. JONCS DEFINITIONS (NYLON RODS)
*******************************************************
1
2
1 1 15
5.5  10.    1.5   2.0
5.   10.    2.2   2.0
0.0  9.35   6.3   9.35
2   16 22
5.   9.    2.5  2.0
5.   12    3.   2.0
0.0  9.35  6.3  9.35
*******************************************************
*       22. NOSE MYLARS DEFINITIONS
*******************************************************
0
*******************************************************
*       23. TAB REINFORCEMENTS
*******************************************************
0
*******************************************************
*       24. GENERAL 2D DXF OPTIONS
*******************************************************
1
A_lines_color	1     red
B_lines_color	30    orange
C_lines_color	3     green
D_lines_color	4     cyan
E_lines_color   6     magenta
F_lines_color	5     blue
*******************************************************
*       25. GENERAL 3D DXF OPTIONS
*******************************************************
1
A_lines_color	1     red
B_lines_color	8     grey
C_lines_color	8     grey
D_lines_color	8     grey
E_lines_color   8     grey
F_lines_color	30    orange
Extrados	1	5       blue
Vents		0	1       red
Intrados	1	3	green
*******************************************************
*       26. GLUE VENTS
*******************************************************
1
1	0
2	0
3	0
4	0
5	0
6	0
7	0
8       0
9       0
10      0
11	0
12	0
13	0
14	0
15	0
16	0 
17	0
18	0
19	0
20	0
21	-1
22	-1
23	-1
*******************************************************
*       27. SPECIAL WING TIP
*******************************************************
0
*******************************************************
*       28. PARAMETERS FOR CALAGE VARIATION
*******************************************************
1
3
10. 30.35  60  0  0  0
-4 4 4 4
*******************************************************
*       29. 3D SHAPING
*******************************************************
0
*******************************************************
*       30. AIRFOIL THICKNESS MODIFICATION
*******************************************************
1
1	1.0
2	1.0
3	1.0
4	1.0
5	1.0
6	1.0
7	1.0
8	1.0
9	1.0
10	1.0
11	1.0
12	1.0
13	1.0
14	1.0
15	1.0
16	1.0
17	1.0
18	1.0
19	1.0
20	1.0
21      1.0
22	1.0
23	0.0
*******************************************************
*       31. NEW SKIN TENSION MODULE
*******************************************************
1
3
* Skin tension group number "1" from rib 1 to 4, 6 points, type "1"
1      	1	4	6	1
1	0.		0.0	0.		0.
2	7.5		1.3	10.		1.33
3	15.		2.5	20.		2.5
4	80.		2.5	80.		2.5
5	90.		1.33	90.		1.33
6	100.		0.0	100.		0.
* Skin tension group number "2" from rib 5 to 22, 6 points, type "1"
2      	5	22	6	1
1	0.		0.0	0.		0.
2	7.5		1.3	10.		1.33
3	15.		2.5	20.		2.5
4	80.		2.5	80.		2.5
5	90.		1.33	90.		1.33
6	100.		0.0	100.		0.
* Skin tension group number "3" from rib 22 to 23, 8 points, type "1"
3      	22	23	8	1
1	0.		0.0	0.		0.
2	7.5		1.3	10.		1.33
3	15.		2.5	20.		2.5
4	50.		2.5	60.		2.5
5	65.		2.5	70.		2.5
6	75.		2.0	80.		1.9
7       90		1.0     90              1.0
8       100.           -1.0	100.	       -1.0

	
