gnu-A                                             
 111
  66
   9
  38
 1.000000     0.000000
 0.988400     0.002589
 0.968630     0.006956
 0.945460     0.012044
 0.918740     0.017833
 0.889470     0.024100
 0.859360     0.030456
 0.829470     0.036656
 0.799800     0.042700
 0.770060     0.048644
 0.740110     0.054489
 0.709900     0.060222
 0.679540     0.065844
 0.649100     0.071311
 0.618650     0.076644
 0.588240     0.081833
 0.557900     0.086900
 0.527650     0.091811
 0.497520     0.096567
 0.467530     0.101144
 0.437720     0.105522
 0.408180     0.109678
 0.378960     0.113578
 0.350200     0.117222
 0.322100     0.120533
 0.294890     0.123433
 0.268850     0.125844
 0.244170     0.127722
 0.220960     0.128956
 0.199240     0.129478
 0.179020     0.129211
 0.160290     0.128156
 0.143000     0.126278
 0.127120     0.123622
 0.112560     0.120200
 0.099250     0.116033
 0.087090     0.111167
 0.076040     0.105711
 0.066060     0.099844
 0.057080     0.093711
 0.049060     0.087467
 0.041900     0.081167
 0.035540     0.074900
 0.029910     0.068711
 0.024930     0.062656
 0.020550     0.056722
 0.016710     0.050944
 0.013350     0.045278
 0.010440     0.039744
 0.007960     0.034356
 0.005880     0.029133
 0.004190     0.024111
 0.002840     0.019222
 0.001770     0.014556
 0.000940     0.009789
 0.000330     0.005756
 0.000000     0.000000
 0.000020    -0.000456
 0.000480    -0.006900
 0.001430    -0.009767
 0.002880    -0.013311
 0.004840    -0.016533
 0.007320    -0.019544
 0.010310    -0.022289
 0.013810    -0.024889
 0.016000    -0.026299
 0.017780    -0.027444
 0.022170    -0.029967
 0.027020    -0.032444
 0.032410    -0.034867
 0.038410    -0.037256
 0.045140    -0.039622
 0.052000    -0.041789
 0.063000    -0.044875
 0.071040    -0.046911
 0.082190    -0.049467
 0.094980    -0.052111
 0.109740    -0.054844
 0.126740    -0.057633
 0.146170    -0.060411
 0.167990    -0.063022
 0.191910    -0.065378
 0.217390    -0.067400
 0.244070    -0.069067
 0.271630    -0.070344
 0.299770    -0.071233
 0.328210    -0.071700
 0.356730    -0.071733
 0.385260    -0.071300
 0.413840    -0.070444
 0.442560    -0.069189
 0.471550    -0.067589
 0.500840    -0.065667
 0.530350    -0.063433
 0.559990    -0.060922
 0.589670    -0.058133
 0.619380    -0.055078
 0.649170    -0.051767
 0.679060    -0.048211
 0.709030    -0.044411
 0.739020    -0.040411
 0.768920    -0.036222
 0.798690    -0.031900
 0.828470    -0.027444
 0.858480    -0.022856
 0.888740    -0.018122
 0.918160    -0.013433
 0.945060    -0.009089
 0.968410    -0.005256
 0.988320    -0.001956
 1.000000     0.000000
