 Leading edge coordinates:
          96
  1       0.0000       0.0000
  2       7.1020       0.0122
  3      14.2033       0.0486
  4      21.3031       0.1094
  5      28.4008       0.1945
  6      35.4957       0.3038
  7      42.5870       0.4375
  8      49.6741       0.5954
  9      56.7562       0.7775
 10      63.8326       0.9839
 11      70.9027       1.2145
 12      77.9656       1.4693
 13      85.0208       1.7483
 14      92.0675       2.0514
 15      99.1049       2.3786
 16     106.1325       2.7299
 17     113.1494       3.1052
 18     120.1550       3.5045
 19     127.1486       3.9278
 20     134.1295       4.3750
 21     141.0970       4.8460
 22     148.0503       5.3409
 23     154.9889       5.8596
 24     161.9119       6.4020
 25     168.8188       6.9680
 26     175.7088       7.5577
 27     182.5812       8.1709
 28     189.4353       8.8077
 29     196.2706       9.4678
 30     203.0861      10.1513
 31     209.8814      10.8581
 32     216.6557      11.5882
 33     223.4083      12.3414
 34     230.1386      13.1176
 35     236.8458      13.9169
 36     243.5294      14.7391
 37     250.1886      15.5841
 38     256.8228      16.4519
 39     263.4314      17.3423
 40     270.0135      18.2553
 41     276.5687      19.1909
 42     283.0963      20.1487
 43     289.5955      21.1289
 44     296.0657      22.1313
 45     302.5064      23.1558
 46     308.9168      24.2023
 47     315.2963      25.2706
 48     321.6443      26.3608
 49     327.9601      27.4726
 50     334.2431      28.6060
 51     340.4927      29.7609
 52     346.7083      30.9371
 53     352.8891      32.1345
 54     359.0347      33.3530
 55     365.1444      34.5924
 56     371.2176      35.8527
 57     377.2536      37.1399
 58     383.2520      38.5172
 59     389.2119      40.0002
 60     395.1330      41.5870
 61     401.0146      43.2757
 62     406.8560      45.0646
 63     412.6568      46.9517
 64     418.4164      48.9352
 65     424.1340      51.0130
 66     429.8093      53.1833
 67     435.4415      55.4442
 68     441.0303      57.7935
 69     446.5749      60.2294
 70     452.0749      62.7498
 71     457.5297      65.3526
 72     462.9387      68.0359
 73     468.3014      70.7976
 74     473.6173      73.6355
 75     478.8858      76.5476
 76     484.1065      79.5318
 77     489.2787      82.5860
 78     494.4020      85.7081
 79     499.4759      88.8958
 80     504.4998      92.1472
 81     509.4733      95.4601
 82     514.3958      98.8322
 83     519.2668     102.2615
 84     524.0860     105.7458
 85     528.8528     109.2830
 86     533.5667     112.8708
 87     538.2272     116.5071
 88     542.8338     120.1898
 89     547.3862     123.9166
 90     551.8839     127.6855
 91     556.3264     131.4942
 92     560.7132     135.3407
 93     565.0440     139.2227
 94     569.3182     143.1380
 95     573.5356     147.0847
 96     575.5000     148.9518
 Trailing edge coordinates:
          71
  1       0.0000     271.0200
  2       9.0299     271.0078
  3      18.0590     270.9714
  4      27.0862     270.9106
  5      36.1108     270.8256
  6      45.1317     270.7162
  7      54.1481     270.5825
  8      63.1591     270.4246
  9      72.1638     270.2425
 10      81.1612     270.0361
 11      90.1506     269.8055
 12      99.1309     269.5507
 13     108.1013     269.2717
 14     117.0609     268.9686
 15     126.0088     268.6414
 16     134.9441     268.2902
 17     143.8659     267.9148
 18     152.7733     267.5155
 19     161.6655     267.0922
 20     170.5415     266.6451
 21     179.4004     266.1740
 22     188.2414     265.6791
 23     197.0636     265.1604
 24     205.8660     264.6180
 25     214.6479     264.0520
 26     223.4083     263.4623
 27     232.1463     262.8491
 28     240.8612     262.2123
 29     249.5519     261.5522
 30     258.2177     260.8687
 31     266.8577     260.1619
 32     275.4710     259.4318
 33     284.0567     258.6786
 34     292.6140     257.9023
 35     301.1421     257.1031
 36     309.6401     256.2809
 37     318.1071     255.4359
 38     326.5423     254.5681
 39     334.9448     253.6777
 40     343.3138     252.7647
 41     351.6486     251.8291
 42     359.9481     250.8713
 43     368.2116     249.8911
 44     376.4384     248.8878
 45     384.6275     247.8555
 46     392.7781     246.7933
 47     400.8894     245.7014
 48     408.9607     244.5802
 49     416.9911     243.4297
 50     424.9797     242.2502
 51     432.9259     241.0420
 52     440.8288     239.8054
 53     448.6876     238.5405
 54     456.5015     237.2475
 55     464.2697     235.9269
 56     471.9916     234.5788
 57     479.6663     233.2034
 58     487.2930     231.8011
 59     494.8709     230.3722
 60     502.3994     228.9168
 61     509.8776     227.4353
 62     517.3048     225.9280
 63     524.6804     224.3952
 64     532.0034     222.8370
 65     539.2733     221.2540
 66     546.4891     219.6462
 67     553.6504     218.0141
 68     560.7563     216.3579
 69     567.8062     214.6779
 70     574.7992     212.9746
 71     575.5000     212.8018
 Vault coordinates:
         396
  1       0.0000    -654.6175
  2       2.0272    -654.6147
  3       4.0544    -654.6065
  4       6.0816    -654.5929
  5       8.1087    -654.5737
  6      10.1358    -654.5490
  7      12.1628    -654.5189
  8      14.1897    -654.4833
  9      16.2165    -654.4421
 10      18.2432    -654.3956
 11      20.2698    -654.3436
 12      22.2962    -654.2861
 13      24.3224    -654.2230
 14      26.3485    -654.1545
 15      28.3743    -654.0806
 16      30.4000    -654.0012
 17      32.4254    -653.9163
 18      34.4507    -653.8260
 19      36.4756    -653.7301
 20      38.5003    -653.6288
 21      40.5247    -653.5220
 22      42.5488    -653.4098
 23      44.5726    -653.2920
 24      46.5961    -653.1688
 25      48.6192    -653.0402
 26      50.6420    -652.9060
 27      52.6644    -652.7664
 28      54.6865    -652.6213
 29      56.7081    -652.4708
 30      58.7293    -652.3148
 31      60.7501    -652.1534
 32      62.7704    -651.9865
 33      64.7903    -651.8141
 34      66.8097    -651.6362
 35      68.8286    -651.4530
 36      70.8470    -651.2643
 37      72.8649    -651.0701
 38      74.8823    -650.8704
 39      76.8991    -650.6653
 40      78.9154    -650.4547
 41      80.9311    -650.2387
 42      82.9462    -650.0173
 43      84.9606    -649.7904
 44      86.9745    -649.5580
 45      88.9877    -649.3202
 46      91.0003    -649.0770
 47      93.0122    -648.8284
 48      95.0235    -648.5743
 49      97.0340    -648.3148
 50      99.0438    -648.0498
 51     101.0530    -647.7794
 52     103.0613    -647.5036
 53     105.0689    -647.2223
 54     107.0758    -646.9357
 55     109.0818    -646.6436
 56     111.0871    -646.3461
 57     113.0916    -646.0431
 58     115.0952    -645.7347
 59     117.0980    -645.4210
 60     119.0999    -645.1018
 61     121.1010    -644.7772
 62     123.1012    -644.4473
 63     125.1004    -644.1119
 64     127.0988    -643.7710
 65     129.0962    -643.4249
 66     131.0927    -643.0732
 67     133.0883    -642.7162
 68     135.0828    -642.3539
 69     137.0764    -641.9861
 70     139.0690    -641.6130
 71     141.0605    -641.2344
 72     143.0511    -640.8505
 73     145.0406    -640.4612
 74     147.0290    -640.0665
 75     149.0163    -639.6664
 76     151.0026    -639.2611
 77     152.9878    -638.8503
 78     154.9718    -638.4342
 79     156.9547    -638.0126
 80     158.9365    -637.5857
 81     160.9171    -637.1536
 82     162.8965    -636.7159
 83     164.8748    -636.2731
 84     166.8518    -635.8248
 85     168.8276    -635.3712
 86     170.8022    -634.9122
 87     172.7755    -634.4480
 88     174.7476    -633.9784
 89     176.7184    -633.5034
 90     178.6879    -633.0231
 91     180.6561    -632.5376
 92     182.6230    -632.0467
 93     184.5885    -631.5504
 94     186.5527    -631.0490
 95     188.5156    -630.5421
 96     190.4770    -630.0299
 97     192.4371    -629.5125
 98     194.3958    -628.9898
 99     196.3530    -628.4617
100     198.3090    -627.9284
101     200.1510    -627.4199
102     201.9912    -626.9047
103     203.8295    -626.3829
104     205.6659    -625.8546
105     207.5004    -625.3195
106     209.3329    -624.7779
107     211.1635    -624.2297
108     212.9921    -623.6748
109     214.8187    -623.1134
110     216.6432    -622.5455
111     218.4657    -621.9708
112     220.2861    -621.3898
113     222.1044    -620.8021
114     223.9206    -620.2079
115     225.7346    -619.6071
116     227.5465    -618.9998
117     229.3561    -618.3860
118     231.1635    -617.7656
119     232.9687    -617.1388
120     234.7716    -616.5055
121     236.5722    -615.8656
122     238.3705    -615.2192
123     240.1665    -614.5665
124     241.9600    -613.9072
125     243.7512    -613.2415
126     245.5400    -612.5693
127     247.3264    -611.8907
128     249.1103    -611.2057
129     250.8917    -610.5142
130     252.6706    -609.8163
131     254.4470    -609.1119
132     256.2208    -608.4013
133     257.9921    -607.6842
134     259.7608    -606.9608
135     261.5268    -606.2310
136     263.2903    -605.4948
137     265.0510    -604.7522
138     266.8091    -604.0033
139     268.5644    -603.2481
140     270.3170    -602.4866
141     272.0669    -601.7188
142     273.8139    -600.9446
143     275.5582    -600.1642
144     277.2997    -599.3774
145     279.0383    -598.5845
146     280.7740    -597.7853
147     282.5069    -596.9798
148     284.2368    -596.1681
149     285.9638    -595.3501
150     287.6879    -594.5259
151     289.4090    -593.6955
152     291.1270    -592.8589
153     292.8421    -592.0162
154     294.5540    -591.1672
155     296.2629    -590.3121
156     297.9688    -589.4509
157     299.6715    -588.5835
158     301.3710    -587.7100
159     303.0674    -586.8303
160     304.7607    -585.9446
161     306.4507    -585.0527
162     308.1375    -584.1548
163     309.8211    -583.2508
164     311.5013    -582.3407
165     313.1783    -581.4246
166     314.8521    -580.5024
167     316.5224    -579.5743
168     318.1894    -578.6401
169     319.8530    -577.7000
170     321.5132    -576.7537
171     323.1700    -575.8016
172     324.8234    -574.8434
173     326.4733    -573.8794
174     328.1197    -572.9094
175     329.7626    -571.9335
176     331.4020    -570.9516
177     333.0378    -569.9639
178     334.6701    -568.9702
179     336.2987    -567.9707
180     337.9238    -566.9653
181     339.5452    -565.9541
182     341.1630    -564.9370
183     342.7770    -563.9142
184     344.3874    -562.8854
185     345.9941    -561.8510
186     347.5970    -560.8107
187     349.1962    -559.7647
188     350.7916    -558.7129
189     352.3831    -557.6554
190     353.9709    -556.5921
191     355.5548    -555.5231
192     357.1349    -554.4484
193     358.7111    -553.3681
194     360.2833    -552.2820
195     361.8517    -551.1904
196     363.4161    -550.0930
197     364.9766    -548.9901
198     366.5330    -547.8815
199     368.0856    -546.7672
200     369.0835    -546.0458
201     370.0789    -545.3212
202     371.0720    -544.5933
203     372.0627    -543.8621
204     373.0509    -543.1277
205     374.0368    -542.3901
206     375.0202    -541.6492
207     376.0012    -540.9052
208     376.9798    -540.1578
209     377.9559    -539.4073
210     378.9295    -538.6536
211     379.9006    -537.8967
212     380.8693    -537.1366
213     381.8354    -536.3734
214     382.7991    -535.6069
215     383.7602    -534.8373
216     384.7188    -534.0646
217     385.6748    -533.2887
218     386.6283    -532.5096
219     387.5793    -531.7275
220     388.5276    -530.9423
221     389.4734    -530.1539
222     390.4165    -529.3624
223     391.3571    -528.5679
224     392.2951    -527.7701
225     393.2304    -526.9695
226     394.1632    -526.1656
227     395.0932    -525.3588
228     396.0206    -524.5489
229     396.9454    -523.7360
230     397.8675    -522.9200
231     398.7868    -522.1010
232     399.7035    -521.2790
233     400.6175    -520.4540
234     401.5288    -519.6260
235     402.4374    -518.7950
236     403.3432    -517.9611
237     404.2463    -517.1241
238     405.1466    -516.2842
239     406.0442    -515.4413
240     406.9390    -514.5956
241     407.8310    -513.7468
242     408.7202    -512.8952
243     409.6067    -512.0406
244     410.4902    -511.1832
245     411.3711    -510.3228
246     412.2491    -509.4596
247     413.1241    -508.5934
248     413.9965    -507.7244
249     414.8658    -506.8526
250     415.7324    -505.9779
251     416.5961    -505.1003
252     417.4569    -504.2200
253     418.3148    -503.3368
254     419.1698    -502.4508
255     420.0219    -501.5620
256     420.8710    -500.6704
257     421.7173    -499.7760
258     422.5606    -498.8788
259     423.4009    -497.9789
260     424.2383    -497.0762
261     425.0727    -496.1708
262     425.9041    -495.2627
263     426.7326    -494.3518
264     427.5580    -493.4382
265     428.3805    -492.5219
266     429.1999    -491.6030
267     430.0164    -490.6813
268     430.8297    -489.7569
269     431.6401    -488.8299
270     432.4474    -487.9003
271     433.2516    -486.9679
272     434.0528    -486.0330
273     434.8509    -485.0954
274     435.6460    -484.1552
275     436.4379    -483.2124
276     437.2267    -482.2670
277     438.0125    -481.3191
278     438.7951    -480.3685
279     439.5746    -479.4154
280     440.3509    -478.4597
281     441.1241    -477.5016
282     441.8942    -476.5408
283     442.6611    -475.5775
284     443.4248    -474.6118
285     444.1854    -473.6435
286     444.9428    -472.6727
287     445.6970    -471.6995
288     446.4480    -470.7238
289     447.1958    -469.7455
290     447.9404    -468.7649
291     448.6817    -467.7819
292     449.4199    -466.7964
293     450.1547    -465.8084
294     450.8864    -464.8181
295     451.6147    -463.8254
296     452.3399    -462.8303
297     453.7807    -460.8325
298     454.1611    -460.2979
299     454.5381    -459.7608
300     454.9118    -459.2215
301     455.2821    -458.6798
302     455.6491    -458.1358
303     456.0126    -457.5895
304     456.3728    -457.0410
305     456.7295    -456.4903
306     457.0827    -455.9373
307     457.4325    -455.3822
308     457.7788    -454.8249
309     458.1217    -454.2654
310     458.4611    -453.7038
311     458.7969    -453.1401
312     459.1292    -452.5743
313     459.4580    -452.0064
314     459.7832    -451.4365
315     460.1049    -450.8646
316     460.4230    -450.2907
317     460.7375    -449.7148
318     461.0485    -449.1370
319     461.3558    -448.5573
320     461.6595    -447.9756
321     461.9595    -447.3920
322     462.2559    -446.8066
323     462.5487    -446.2194
324     462.8377    -445.6303
325     463.1231    -445.0395
326     463.4048    -444.4469
327     463.6829    -443.8525
328     463.9572    -443.2564
329     464.2278    -442.6586
330     464.4946    -442.0591
331     464.7577    -441.4580
332     465.0171    -440.8553
333     465.2726    -440.2509
334     465.5244    -439.6450
335     465.7725    -439.0375
336     466.0167    -438.4285
337     466.2571    -437.8179
338     466.4937    -437.2059
339     466.7265    -436.5924
340     466.9554    -435.9774
341     467.1806    -435.3611
342     467.4018    -434.7433
343     467.6192    -434.1242
344     467.8328    -433.5038
345     468.0424    -432.8820
346     468.2483    -432.2589
347     468.4501    -431.6346
348     468.6482    -431.0090
349     468.8423    -430.3822
350     469.0324    -429.7542
351     469.2187    -429.1250
352     469.4010    -428.4947
353     469.5794    -427.8632
354     469.7538    -427.2307
355     469.9244    -426.5970
356     470.0909    -425.9623
357     470.2535    -425.3266
358     470.4121    -424.6899
359     470.5668    -424.0522
360     470.7174    -423.4136
361     470.8641    -422.7740
362     471.0068    -422.1335
363     471.1455    -421.4922
364     471.2802    -420.8500
365     471.4108    -420.2069
366     471.5375    -419.5631
367     471.6602    -418.9185
368     471.7788    -418.2731
369     471.8933    -417.6270
370     472.0039    -416.9802
371     472.1104    -416.3328
372     472.2129    -415.6846
373     472.3114    -415.0359
374     472.4058    -414.3865
375     472.4961    -413.7366
376     472.5824    -413.0861
377     472.6646    -412.4351
378     472.7428    -411.7836
379     472.8169    -411.1317
380     472.8869    -410.4792
381     472.9529    -409.8264
382     473.0147    -409.1731
383     473.0726    -408.5195
384     473.1263    -407.8655
385     473.1759    -407.2112
386     473.2215    -406.5566
387     473.2630    -405.9018
388     473.3004    -405.2466
389     473.3337    -404.5913
390     473.3629    -403.9358
391     473.3881    -403.2801
392     473.4091    -402.6243
393     473.4261    -401.9683
394     473.4389    -401.3123
395     473.4477    -400.6562
396     473.4524    -400.0000
