*************************************************
LABORATORI D'ENVOL PARAGLIDING
*************************************************
GEOMETRY PRE-PROCESSOR
Version 1.5 "Baldiri" (2018-12-07)
*************************************************
Auxiliar geometry data for use with LEparagliding
*************************************************
1. Matrix of geometry
*************************************************
Rib	x-rib       y-LE       y-TE   	    xp         z	beta      RP        Washin
 1      20.44       0.10     246.39      20.44       0.22       1.28      33.33       0.00
 2      61.14       0.88     245.82      61.10       1.96       3.63      33.33       0.00
 3     101.49       2.44     244.70     101.30       5.40       6.09      33.33       0.00
 4     141.31       4.76     243.03     140.79      10.46       8.55      33.33       0.00
 5     180.43       7.82     240.82     179.33      17.11      11.61      33.33       0.00
 6     218.64      11.60     237.76     216.42      26.26      16.10      33.33       0.00
 7     255.75      16.06     233.97     251.63      37.96      20.60      33.33       0.00
 8     291.60      21.18     229.57     284.65      51.90      25.47      33.33       0.00
 9     326.04      26.89     224.65     315.00      68.15      30.72      33.33       0.00
10     358.92      33.21     219.26     342.46      86.22      35.97      33.33       0.00
11     390.05      40.63     213.49     366.88     105.52      40.72      33.33       0.00
12     419.19      49.61     207.44     388.19     125.37      45.22      33.33       0.00
13     446.09      60.24     201.21     406.21     145.32      52.31      33.33       0.00
14     470.55      72.30     194.94     419.50     165.83      61.76      33.33       0.00
15     492.46      85.38     188.75     428.31     185.86      70.45      33.33       0.00
16     511.60     100.29     182.82     433.44     204.29      78.39      33.33       0.00
17     527.00     123.24     177.63     435.92     221.11      84.43      33.33       0.00
*************************************************
2. Main geometry paraglider data:
***********************************************
Cells=  33
1 Number of cells is odd 
Number of ribs  17
Span=   10.54 m
Span_proj=    8.72 m
Surface=   20.91 m2
Surface_proj=   18.44 m2
Aspect_Ratio=    5.31
Aspect_Ratio_proj=    4.12
Flattening=   0.12
Max_chord=  246.29 cm
Mid_chord=  198.40 cm
Min_chord=   54.39 cm
***********************************************
3. Some internal parameters:
***********************************************
Vault case 2: centers of the arcs:
1      0.0000   -400.0000
1     64.9586    -36.4274
1     97.4182     40.6029
1    227.5318    159.4545
***********************************************
4. Leading edge, trailing edge, and vault coordinates:
***********************************************
Leading edge coordinates
  98
  1       0.0000       0.0000
  2       6.4191       0.0097
  3      12.8375       0.0388
  4      19.2547       0.0873
  5      25.6700       0.1552
  6      32.0826       0.2425
  7      38.4921       0.3491
  8      44.8977       0.4751
  9      51.2988       0.6205
 10      57.6948       0.7852
 11      64.0851       0.9693
 12      70.4689       1.1726
 13      76.8456       1.3953
 14      83.2147       1.6372
 15      89.5755       1.8983
 16      95.9273       2.1786
 17     102.2695       2.4782
 18     108.6015       2.7968
 19     114.9227       3.1346
 20     121.2323       3.4915
 21     127.5298       3.8675
 22     133.8146       4.2624
 23     140.0860       4.6764
 24     146.3434       5.1093
 25     152.5861       5.5610
 26     158.8136       6.0316
 27     165.0252       6.5210
 28     171.2202       7.0292
 29     177.3982       7.5560
 30     183.5584       8.1015
 31     189.7003       8.6656
 32     195.8232       9.2482
 33     201.9265       9.8493
 34     208.0097      10.4689
 35     214.0720      11.1067
 36     220.1129      11.7629
 37     226.1318      12.4373
 38     232.1281      13.1298
 39     238.1012      13.8405
 40     244.0505      14.5691
 41     249.9754      15.3157
 42     255.8752      16.0802
 43     261.7495      16.8625
 44     267.5976      17.6624
 45     273.4190      18.4801
 46     279.2130      19.3152
 47     284.9791      20.1679
 48     290.7167      21.0379
 49     296.4252      21.9252
 50     302.1040      22.8298
 51     307.7527      23.7514
 52     313.3706      24.6901
 53     318.9572      25.6457
 54     324.5118      26.6182
 55     330.0340      27.6073
 56     335.5233      28.6132
 57     340.9789      29.6356
 58     346.4005      30.6766
 59     351.7874      31.7417
 60     357.1391      32.8356
 61     362.4551      33.9624
 62     367.7349      35.1257
 63     372.9779      36.3286
 64     378.1837      37.5740
 65     383.3515      38.8647
 66     388.4811      40.2029
 67     393.5718      41.5910
 68     398.6232      43.0308
 69     403.6346      44.5241
 70     408.6057      46.0725
 71     413.5360      47.6774
 72     418.4249      49.3400
 73     423.2720      51.0613
 74     428.0768      52.8423
 75     432.8387      54.6836
 76     437.5574      56.5859
 77     442.2323      58.5496
 78     446.8629      60.5750
 79     451.4489      62.6623
 80     455.9897      64.8114
 81     460.4850      67.0223
 82     464.9342      69.2947
 83     469.3369      71.6283
 84     473.6927      74.0227
 85     478.0011      76.4772
 86     482.2617      78.9911
 87     486.4741      81.5637
 88     490.6378      84.1940
 89     494.7525      86.8842
 90     498.8177      89.6623
 91     502.8330      92.5943
 92     506.7980      95.7807
 93     510.7123      99.3513
 94     514.5756     103.4607
 95     518.3875     108.2842
 96     522.1475     114.0130
 97     525.8552     120.8506
 98     527.0000     123.2414
Trailing edge coordinates
  98
  1       0.0000     246.4600
  2       6.4327     246.4530
  3      12.8647     246.4319
  4      19.2955     246.3968
  5      25.7243     246.3476
  6      32.1506     246.2844
  7      38.5736     246.2072
  8      44.9928     246.1159
  9      51.4075     246.0107
 10      57.8171     245.8914
 11      64.2208     245.7581
 12      70.6182     245.6108
 13      77.0085     245.4496
 14      83.3910     245.2745
 15      89.7653     245.0854
 16      96.1306     244.8823
 17     102.4862     244.6654
 18     108.8316     244.4347
 19     115.1662     244.1900
 20     121.4892     243.9316
 21     127.8000     243.6594
 22     134.0981     243.3734
 23     140.3828     243.0736
 24     146.6534     242.7601
 25     152.9094     242.4330
 26     159.1501     242.0922
 27     165.3748     241.7378
 28     171.5830     241.3698
 29     177.7741     240.9883
 30     183.9473     240.5825
 31     190.1022     240.1406
 32     196.2381     239.6728
 33     202.3544     239.1821
 34     208.4504     238.6700
 35     214.5255     238.1377
 36     220.5793     237.5860
 37     226.6109     237.0154
 38     232.6199     236.4265
 39     238.6057     235.8197
 40     244.5676     235.1954
 41     250.5050     234.5540
 42     256.4174     233.8957
 43     262.3041     233.2209
 44     268.1646     232.5299
 45     273.9983     231.8228
 46     279.8046     231.1000
 47     285.5829     230.3616
 48     291.3326     229.6079
 49     297.0532     228.8391
 50     302.7441     228.0554
 51     308.4048     227.2570
 52     314.0346     226.4440
 53     319.6330     225.6168
 54     325.1994     224.7754
 55     330.7333     223.9200
 56     336.2341     223.0509
 57     341.7013     222.1682
 58     347.1344     221.2721
 59     352.5327     220.3627
 60     357.8958     219.4402
 61     363.2231     218.5049
 62     368.5140     217.5568
 63     373.7682     216.5961
 64     378.9849     215.6231
 65     384.1638     214.6378
 66     389.3042     213.6405
 67     394.4056     212.6313
 68     399.4677     211.6104
 69     404.4898     210.5778
 70     409.4715     209.5339
 71     414.4122     208.4788
 72     419.3115     207.4126
 73     424.1688     206.3355
 74     428.9837     205.2476
 75     433.7558     204.1492
 76     438.4844     203.0403
 77     443.1692     201.9212
 78     447.8097     200.7921
 79     452.4054     199.6530
 80     456.9559     198.5042
 81     461.4607     197.3457
 82     465.9193     196.1779
 83     470.3313     195.0007
 84     474.6963     193.8145
 85     479.0138     192.6194
 86     483.2835     191.4154
 87     487.5048     190.2029
 88     491.6773     188.9819
 89     495.8007     187.7527
 90     499.8745     186.5154
 91     503.8983     185.2701
 92     507.8718     184.0170
 93     511.7944     182.7563
 94     515.6659     181.4882
 95     519.4858     180.2128
 96     523.2537     178.9303
 97     526.9694     177.6408
 98     527.0000     177.6301
Vault coordinates
 396
  1       0.0000    -621.1118
  2       1.7010    -621.1102
  3       3.4020    -621.1058
  4       5.1029    -621.0982
  5       6.8039    -621.0875
  6       8.5048    -621.0739
  7      10.2057    -621.0572
  8      11.9066    -621.0374
  9      13.6074    -621.0146
 10      15.3082    -620.9888
 11      17.0089    -620.9599
 12      18.7096    -620.9281
 13      20.4102    -620.8931
 14      22.1108    -620.8552
 15      23.8113    -620.8141
 16      25.5117    -620.7701
 17      27.2120    -620.7230
 18      28.9123    -620.6729
 19      30.6124    -620.6198
 20      32.3125    -620.5636
 21      34.0124    -620.5043
 22      35.7123    -620.4421
 23      37.4120    -620.3768
 24      39.1116    -620.3084
 25      40.8111    -620.2371
 26      42.5105    -620.1627
 27      44.2097    -620.0853
 28      45.9088    -620.0048
 29      47.6077    -619.9213
 30      49.3065    -619.8348
 31      51.0051    -619.7452
 32      52.7036    -619.6525
 33      54.4019    -619.5569
 34      56.1000    -619.4582
 35      57.7979    -619.3566
 36      59.4957    -619.2518
 37      61.1932    -619.1440
 38      62.8906    -619.0333
 39      64.5878    -618.9194
 40      66.2848    -618.8026
 41      67.9815    -618.6827
 42      69.6780    -618.5597
 43      71.3743    -618.4338
 44      73.0704    -618.3049
 45      74.7663    -618.1728
 46      76.4619    -618.0378
 47      78.1572    -617.8997
 48      79.8524    -617.7586
 49      81.5472    -617.6144
 50      83.2418    -617.4673
 51      84.9362    -617.3171
 52      86.6302    -617.1639
 53      88.3240    -617.0078
 54      90.0175    -616.8484
 55      91.7107    -616.6862
 56      93.4037    -616.5209
 57      95.0963    -616.3526
 58      96.7887    -616.1813
 59      98.4807    -616.0069
 60     100.1724    -615.8296
 61     101.8638    -615.6491
 62     103.5548    -615.4657
 63     105.2456    -615.2792
 64     106.9359    -615.0898
 65     108.6260    -614.8973
 66     110.3157    -614.7018
 67     112.0051    -614.5033
 68     113.6941    -614.3018
 69     115.3827    -614.0972
 70     117.0710    -613.8896
 71     118.7589    -613.6790
 72     120.4464    -613.4654
 73     122.1335    -613.2488
 74     123.8203    -613.0292
 75     125.5066    -612.8066
 76     127.1925    -612.5809
 77     128.8781    -612.3523
 78     130.5632    -612.1206
 79     132.2479    -611.8859
 80     133.9322    -611.6483
 81     135.6161    -611.4076
 82     137.2995    -611.1638
 83     138.9825    -610.9171
 84     140.6651    -610.6675
 85     142.3472    -610.4147
 86     144.0289    -610.1590
 87     145.7101    -609.9003
 88     147.3908    -609.6386
 89     149.0710    -609.3739
 90     150.7508    -609.1061
 91     152.4301    -608.8354
 92     154.1090    -608.5617
 93     155.7873    -608.2850
 94     157.4651    -608.0052
 95     159.1425    -607.7225
 96     160.8193    -607.4368
 97     162.4956    -607.1481
 98     164.1714    -606.8564
 99     165.8466    -606.5617
100     167.5214    -606.2641
101     168.5762    -606.0744
102     169.6307    -605.8823
103     170.6847    -605.6879
104     171.7383    -605.4911
105     172.7914    -605.2920
106     173.8441    -605.0905
107     174.8962    -604.8867
108     175.9480    -604.6804
109     176.9993    -604.4719
110     178.0501    -604.2609
111     179.1005    -604.0476
112     180.1504    -603.8320
113     181.1997    -603.6139
114     182.2486    -603.3936
115     183.2970    -603.1709
116     184.3449    -602.9458
117     185.3923    -602.7184
118     186.4392    -602.4886
119     187.4855    -602.2565
120     188.5314    -602.0221
121     189.5766    -601.7853
122     190.6214    -601.5461
123     191.6657    -601.3046
124     192.7093    -601.0609
125     193.7525    -600.8147
126     194.7951    -600.5662
127     195.8371    -600.3153
128     196.8785    -600.0621
129     197.9194    -599.8066
130     198.9597    -599.5488
131     199.9995    -599.2887
132     201.0386    -599.0262
133     202.0771    -598.7613
134     203.1151    -598.4942
135     204.1525    -598.2247
136     205.1892    -597.9529
137     206.2253    -597.6787
138     207.2609    -597.4022
139     208.2957    -597.1234
140     209.3300    -596.8423
141     210.3637    -596.5590
142     211.3966    -596.2732
143     212.4290    -595.9851
144     213.4607    -595.6948
145     214.4917    -595.4021
146     215.5222    -595.1071
147     216.5519    -594.8098
148     217.5809    -594.5102
149     218.6093    -594.2083
150     219.6370    -593.9041
151     220.6640    -593.5975
152     221.6904    -593.2886
153     222.7160    -592.9775
154     223.7409    -592.6641
155     224.7652    -592.3484
156     225.7887    -592.0303
157     226.8115    -591.7100
158     227.8336    -591.3874
159     228.8549    -591.0625
160     229.8755    -590.7354
161     230.8954    -590.4058
162     231.9146    -590.0741
163     232.9330    -589.7401
164     233.9506    -589.4037
165     234.9675    -589.0651
166     235.9837    -588.7242
167     236.9990    -588.3810
168     238.0136    -588.0355
169     239.0274    -587.6878
170     240.0404    -587.3378
171     241.0527    -586.9856
172     242.0641    -586.6310
173     243.0748    -586.2742
174     244.0846    -585.9152
175     245.0937    -585.5538
176     246.1019    -585.1902
177     247.1093    -584.8244
178     248.1159    -584.4563
179     249.1217    -584.0859
180     250.1266    -583.7133
181     251.1307    -583.3384
182     252.1339    -582.9613
183     253.1363    -582.5820
184     254.1379    -582.2003
185     255.1386    -581.8164
186     256.1384    -581.4304
187     257.1373    -581.0420
188     258.1354    -580.6514
189     259.1326    -580.2585
190     260.1290    -579.8635
191     261.1244    -579.4662
192     262.1189    -579.0667
193     263.1125    -578.6649
194     264.1053    -578.2609
195     265.0971    -577.8547
196     266.0880    -577.4463
197     267.0780    -577.0356
198     268.0671    -576.6228
199     269.0553    -576.2076
200     270.5433    -575.5768
201     272.0285    -574.9395
202     273.5109    -574.2957
203     274.9905    -573.6454
204     276.4673    -572.9887
205     277.9411    -572.3256
206     279.4121    -571.6561
207     280.8801    -570.9800
208     282.3452    -570.2977
209     283.8072    -569.6089
210     285.2663    -568.9139
211     286.7223    -568.2123
212     288.1752    -567.5046
213     289.6251    -566.7904
214     291.0717    -566.0699
215     292.5153    -565.3431
216     293.9557    -564.6101
217     295.3928    -563.8708
218     296.8267    -563.1252
219     298.2574    -562.3734
220     299.6848    -561.6153
221     301.1088    -560.8510
222     302.5294    -560.0804
223     303.9468    -559.3038
224     305.3607    -558.5209
225     306.7712    -557.7319
226     308.1782    -556.9367
227     309.5818    -556.1354
228     310.9818    -555.3281
229     312.3783    -554.5145
230     313.7712    -553.6949
231     315.1606    -552.8693
232     316.5464    -552.0376
233     317.9285    -551.1998
234     319.3069    -550.3561
235     320.6816    -549.5063
236     322.0527    -548.6506
237     323.4200    -547.7889
238     324.7835    -546.9211
239     326.1432    -546.0475
240     327.4991    -545.1680
241     328.8511    -544.2825
242     330.1993    -543.3912
243     331.5436    -542.4940
244     332.8839    -541.5909
245     334.2203    -540.6819
246     335.5527    -539.7672
247     336.8812    -538.8467
248     338.2055    -537.9204
249     339.5259    -536.9883
250     340.8421    -536.0505
251     342.1543    -535.1069
252     343.4622    -534.1577
253     344.7662    -533.2027
254     346.0659    -532.2420
255     347.3614    -531.2757
256     348.6526    -530.3037
257     349.9396    -529.3262
258     351.2224    -528.3430
259     352.5008    -527.3542
260     353.7749    -526.3598
261     355.0447    -525.3600
262     356.3101    -524.3546
263     357.5711    -523.3436
264     358.8277    -522.3273
265     360.0798    -521.3054
266     361.3275    -520.2780
267     362.5706    -519.2452
268     363.8093    -518.2071
269     365.0433    -517.1635
270     366.2729    -516.1146
271     367.4978    -515.0603
272     368.7182    -514.0007
273     369.9339    -512.9357
274     371.1450    -511.8655
275     372.3514    -510.7900
276     373.5530    -509.7092
277     374.7500    -508.6232
278     375.9422    -507.5320
279     377.1296    -506.4357
280     378.3123    -505.3341
281     379.4901    -504.2274
282     380.6631    -503.1155
283     381.8312    -501.9987
284     382.9944    -500.8766
285     384.1528    -499.7495
286     385.3062    -498.6174
287     386.4547    -497.4803
288     387.5982    -496.3381
289     388.7366    -495.1910
290     389.8701    -494.0389
291     390.9986    -492.8820
292     392.1220    -491.7200
293     393.2403    -490.5532
294     394.3535    -489.3815
295     395.4616    -488.2050
296     396.5645    -487.0237
297     398.7545    -484.6472
298     399.3932    -483.9432
299     400.0274    -483.2350
300     400.6569    -482.5226
301     401.2816    -481.8062
302     401.9016    -481.0856
303     402.5169    -480.3609
304     403.1273    -479.6322
305     403.7330    -478.8995
306     404.3338    -478.1628
307     404.9297    -477.4222
308     405.5207    -476.6776
309     406.1068    -475.9292
310     406.6880    -475.1769
311     407.2641    -474.4208
312     407.8353    -473.6609
313     408.4014    -472.8973
314     408.9626    -472.1299
315     409.5185    -471.3589
316     410.0695    -470.5842
317     410.6153    -469.8059
318     411.1560    -469.0240
319     411.6915    -468.2386
320     412.2218    -467.4496
321     412.7469    -466.6572
322     413.2667    -465.8614
323     413.7813    -465.0621
324     414.2906    -464.2594
325     414.7946    -463.4534
326     415.2933    -462.6441
327     415.7866    -461.8315
328     416.2746    -461.0157
329     416.7572    -460.1967
330     417.2343    -459.3745
331     417.7060    -458.5492
332     418.1723    -457.7208
333     418.6331    -456.8893
334     419.0884    -456.0549
335     419.5382    -455.2174
336     419.9824    -454.3770
337     420.4211    -453.5336
338     420.8543    -452.6874
339     421.2818    -451.8384
340     421.7037    -450.9866
341     422.1200    -450.1320
342     422.5307    -449.2747
343     422.9357    -448.4147
344     423.3350    -447.5520
345     423.7286    -446.6867
346     424.1165    -445.8188
347     424.4987    -444.9485
348     424.8751    -444.0756
349     425.2458    -443.2002
350     425.6106    -442.3224
351     425.9697    -441.4423
352     426.3230    -440.5598
353     426.6704    -439.6749
354     427.0120    -438.7878
355     427.3477    -437.8984
356     427.6776    -437.0069
357     428.0016    -436.1132
358     428.3196    -435.2174
359     428.6318    -434.3195
360     428.9380    -433.4196
361     429.2383    -432.5177
362     429.5326    -431.6138
363     429.8210    -430.7080
364     430.1034    -429.8003
365     430.3798    -428.8908
366     430.6501    -427.9794
367     430.9146    -427.0663
368     431.1729    -426.1515
369     431.4252    -425.2350
370     431.6714    -424.3169
371     431.9116    -423.3971
372     432.1458    -422.4758
373     432.3738    -421.5529
374     432.5958    -420.6286
375     432.8116    -419.7028
376     433.0213    -418.7757
377     433.2249    -417.8472
378     433.4224    -416.9173
379     433.6138    -415.9861
380     433.7990    -415.0538
381     433.9781    -414.1202
382     434.1509    -413.1854
383     434.3177    -412.2496
384     434.4783    -411.3126
385     434.6326    -410.3746
386     434.7808    -409.4357
387     434.9228    -408.4957
388     435.0586    -407.5549
389     435.1881    -406.6131
390     435.3115    -405.6706
391     435.4286    -404.7272
392     435.5395    -403.7831
393     435.6442    -402.8383
394     435.7427    -401.8928
395     435.8349    -400.9467
396     435.9208    -400.0000
