 Leading edge coordinates:
         110
  1       0.0000       0.0000
  2       6.0967       0.0112
  3      12.1928       0.0447
  4      18.2877       0.1006
  5      24.3807       0.1788
  6      30.4713       0.2794
  7      36.5589       0.4023
  8      42.6427       0.5475
  9      48.7224       0.7151
 10      54.7971       0.9049
 11      60.8664       1.1170
 12      66.9296       1.3513
 13      72.9861       1.6078
 14      79.0353       1.8866
 15      85.0766       2.1875
 16      91.1094       2.5106
 17      97.1331       2.8557
 18     103.1471       3.2229
 19     109.1508       3.6122
 20     115.1435       4.0235
 21     121.1247       4.4567
 22     127.0938       4.9118
 23     133.0502       5.3889
 24     138.9934       5.8877
 25     144.9226       6.4082
 26     150.8373       6.9506
 27     156.7369       7.5145
 28     162.6208       8.1001
 29     168.4885       8.7072
 30     174.3393       9.3358
 31     180.1727       9.9859
 32     185.9881      10.6573
 33     191.7849      11.3499
 34     197.5625      12.0638
 35     203.3204      12.7989
 36     209.0579      13.5551
 37     214.7745      14.3322
 38     220.4697      15.1302
 39     226.1427      15.9491
 40     231.7932      16.7888
 41     237.4205      17.6492
 42     243.0241      18.5301
 43     248.6033      19.4316
 44     254.1577      20.3534
 45     259.6867      21.2956
 46     265.1897      22.2580
 47     270.6662      23.2406
 48     276.1156      24.2431
 49     281.5374      25.2657
 50     286.9311      26.3080
 51     292.2961      27.3705
 52     297.6318      28.4763
 53     302.9378      29.6384
 54     308.2134      30.8560
 55     313.4583      32.1283
 56     318.6718      33.4547
 57     323.8535      34.8342
 58     329.0027      36.2662
 59     334.1191      37.7497
 60     339.2020      39.2841
 61     344.2511      40.8685
 62     349.2657      42.5020
 63     354.2454      44.1838
 64     359.1896      45.9131
 65     364.0980      47.6890
 66     368.9699      49.5105
 67     373.8049      51.3769
 68     378.6026      53.2873
 69     383.3624      55.2407
 70     388.0838      57.2362
 71     392.7665      59.2729
 72     397.4098      61.3500
 73     402.0135      63.4664
 74     406.5769      65.6213
 75     411.0997      67.8136
 76     415.5813      70.0426
 77     420.0215      72.3071
 78     424.4195      74.6063
 79     428.7752      76.9392
 80     433.0880      79.3049
 81     437.3575      81.7023
 82     441.5832      84.1305
 83     445.7648      86.5886
 84     449.9018      89.0756
 85     453.9938      91.5904
 86     458.0404      94.1322
 87     462.0413      96.6999
 88     465.9958      99.2925
 89     469.9039     101.9091
 90     473.7649     104.5488
 91     477.5785     107.2104
 92     481.3444     109.8931
 93     485.0622     112.5959
 94     488.7314     115.3178
 95     492.3518     118.0578
 96     495.9229     120.8150
 97     499.4445     123.5884
 98     502.9161     126.3770
 99     506.3374     129.1798
100     509.7081     131.9960
101     513.0278     134.8245
102     516.2962     137.6645
103     519.5130     140.5149
104     522.6779     143.3748
105     525.7904     146.2433
106     528.8504     149.1195
107     531.8575     152.0025
108     534.8114     154.8913
109     537.7119     157.7850
110     539.0000     159.0890
 Trailing edge coordinates:
         102
  1       0.0000     309.3300
  2       6.3691     309.3236
  3      12.7376     309.3044
  4      19.1049     309.2724
  5      25.4702     309.2276
  6      31.8330     309.1701
  7      38.1926     309.0997
  8      44.5483     309.0166
  9      50.8997     308.9207
 10      57.2459     308.8121
 11      63.5864     308.6907
 12      69.9205     308.5566
 13      76.2477     308.4097
 14      82.5672     308.2502
 15      88.8785     308.0779
 16      95.1809     307.8930
 17     101.4737     307.6955
 18     107.7565     307.4853
 19     114.0284     307.2625
 20     120.2890     307.0271
 21     126.5375     306.7791
 22     132.7733     306.5186
 23     138.9959     306.2456
 24     145.2046     305.9601
 25     151.3988     305.6621
 26     157.5778     305.3517
 27     163.7410     305.0289
 28     169.8879     304.6938
 29     176.0178     304.3463
 30     182.1301     303.9865
 31     188.2242     303.6144
 32     194.2994     303.2301
 33     200.3553     302.8337
 34     206.3911     302.4250
 35     212.4062     302.0043
 36     218.4001     301.5715
 37     224.3722     301.1267
 38     230.3219     300.6699
 39     236.2485     300.2012
 40     242.1514     299.7206
 41     248.0302     299.2282
 42     253.8842     298.7240
 43     259.7127     298.2080
 44     265.5154     297.6804
 45     271.2914     297.1411
 46     277.0403     296.5902
 47     282.7615     296.0279
 48     288.4545     295.4540
 49     294.1186     294.8687
 50     299.7533     294.2722
 51     305.3580     293.6642
 52     310.9322     293.0451
 53     316.4753     292.4148
 54     321.9867     291.7734
 55     327.4659     291.1210
 56     332.9124     290.4576
 57     338.3256     289.7833
 58     343.7050     289.0981
 59     349.0500     288.4022
 60     354.3601     287.6952
 61     359.6348     286.9730
 62     364.8734     286.2342
 63     370.0757     285.4789
 64     375.2409     284.7075
 65     380.3686     283.9200
 66     385.4582     283.1168
 67     390.5092     282.2979
 68     395.5213     281.4637
 69     400.4938     280.6142
 70     405.4263     279.7499
 71     410.3182     278.8708
 72     415.1690     277.9772
 73     419.9784     277.0693
 74     424.7458     276.1473
 75     429.4706     275.2115
 76     434.1526     274.2621
 77     438.7911     273.2993
 78     443.3857     272.3233
 79     447.9360     271.3345
 80     452.4416     270.3329
 81     456.9018     269.3189
 82     461.3164     268.2926
 83     465.6848     267.2544
 84     470.0067     266.2045
 85     474.2816     265.1430
 86     478.5091     264.0703
 87     482.6887     262.9865
 88     486.8200     261.8920
 89     490.9026     260.7870
 90     494.9362     259.6716
 91     498.9203     258.5462
 92     502.8544     257.4109
 93     506.7383     256.2662
 94     510.5715     255.1121
 95     514.3537     253.9489
 96     518.0845     252.7769
 97     521.7634     251.5963
 98     525.3901     250.4073
 99     528.9643     249.2103
100     532.4856     248.0054
101     535.9537     246.7930
102     539.0000     245.7059
 Vault coordinates:
         397
  1       0.0000    -640.8311
  2       2.3300    -640.8268
  3       4.6601    -640.8143
  4       6.9900    -640.7934
  5       9.3199    -640.7642
  6      11.6496    -640.7266
  7      13.9792    -640.6805
  8      16.3086    -640.6262
  9      18.6378    -640.5635
 10      20.9668    -640.4925
 11      23.2955    -640.4131
 12      25.6239    -640.3253
 13      27.9519    -640.2292
 14      30.2796    -640.1248
 15      32.6069    -640.0120
 16      34.9338    -639.8908
 17      37.2603    -639.7613
 18      39.5862    -639.6235
 19      41.9117    -639.4773
 20      44.2366    -639.3228
 21      46.5609    -639.1599
 22      48.8847    -638.9886
 23      51.2078    -638.8091
 24      53.5303    -638.6212
 25      55.8520    -638.4250
 26      58.1731    -638.2205
 27      60.4934    -638.0076
 28      62.8129    -637.7864
 29      65.1316    -637.5569
 30      67.4495    -637.3191
 31      69.7665    -637.0730
 32      72.0826    -636.8185
 33      74.3978    -636.5558
 34      76.7120    -636.2847
 35      79.0252    -636.0053
 36      81.3375    -635.7177
 37      83.6486    -635.4217
 38      85.9587    -635.1174
 39      88.2677    -634.8049
 40      90.5756    -634.4841
 41      92.8823    -634.1550
 42      95.1878    -633.8177
 43      97.4920    -633.4720
 44      99.7951    -633.1181
 45     102.0968    -632.7560
 46     104.3972    -632.3856
 47     106.6963    -632.0070
 48     108.9940    -631.6200
 49     111.2903    -631.2249
 50     113.5851    -630.8215
 51     115.8785    -630.4099
 52     118.1705    -629.9900
 53     120.4608    -629.5620
 54     122.7497    -629.1257
 55     125.0369    -628.6812
 56     127.3226    -628.2285
 57     129.6066    -627.7676
 58     131.8890    -627.2985
 59     134.1696    -626.8213
 60     136.4485    -626.3358
 61     138.7257    -625.8422
 62     141.0011    -625.3405
 63     143.2746    -624.8305
 64     145.5464    -624.3124
 65     147.8162    -623.7862
 66     150.0842    -623.2518
 67     152.3502    -622.7093
 68     154.6142    -622.1586
 69     156.8763    -621.5999
 70     159.1363    -621.0330
 71     161.3943    -620.4581
 72     163.6502    -619.8750
 73     165.9040    -619.2838
 74     168.1557    -618.6846
 75     170.4052    -618.0773
 76     172.6525    -617.4619
 77     174.8976    -616.8384
 78     177.1405    -616.2070
 79     179.3810    -615.5674
 80     181.6193    -614.9199
 81     183.8552    -614.2643
 82     186.0887    -613.6006
 83     188.3199    -612.9291
 84     190.5486    -612.2494
 85     192.7749    -611.5618
 86     194.9987    -610.8662
 87     197.2199    -610.1627
 88     199.4387    -609.4512
 89     201.6548    -608.7317
 90     203.8684    -608.0042
 91     206.0794    -607.2689
 92     208.2876    -606.5255
 93     210.4933    -605.7744
 94     212.6962    -605.0153
 95     214.8964    -604.2482
 96     217.0938    -603.4733
 97     219.2884    -602.6905
 98     221.4802    -601.8999
 99     223.6691    -601.1013
100     225.8552    -600.2950
101     227.5745    -599.6536
102     229.2914    -599.0057
103     231.0058    -598.3514
104     232.7178    -597.6907
105     234.4273    -597.0234
106     236.1342    -596.3498
107     237.8386    -595.6697
108     239.5404    -594.9832
109     241.2396    -594.2903
110     242.9362    -593.5910
111     244.6301    -592.8853
112     246.3214    -592.1733
113     248.0100    -591.4548
114     249.6958    -590.7300
115     251.3790    -589.9989
116     253.0593    -589.2615
117     254.7369    -588.5177
118     256.4116    -587.7676
119     258.0835    -587.0112
120     259.7526    -586.2485
121     261.4187    -585.4795
122     263.0820    -584.7043
123     264.7423    -583.9227
124     266.3997    -583.1350
125     268.0541    -582.3410
126     269.7055    -581.5408
127     271.3538    -580.7344
128     272.9991    -579.9218
129     274.6414    -579.1029
130     276.2805    -578.2779
131     277.9165    -577.4467
132     279.5494    -576.6094
133     281.1791    -575.7659
134     282.8057    -574.9163
135     284.4290    -574.0605
136     286.0491    -573.1987
137     287.6659    -572.3308
138     289.2794    -571.4567
139     290.8896    -570.5767
140     292.4966    -569.6905
141     294.1001    -568.7983
142     295.7003    -567.9000
143     297.2971    -566.9958
144     298.8905    -566.0856
145     300.4804    -565.1693
146     302.0669    -564.2470
147     303.6499    -563.3188
148     305.2293    -562.3846
149     306.8053    -561.4446
150     308.3777    -560.4985
151     309.9465    -559.5465
152     311.5117    -558.5887
153     313.0734    -557.6249
154     314.6313    -556.6553
155     316.1856    -555.6798
156     317.7363    -554.6985
157     319.2832    -553.7113
158     320.8263    -552.7183
159     322.3658    -551.7195
160     323.9014    -550.7149
161     325.4333    -549.7045
162     326.9613    -548.6884
163     328.4855    -547.6666
164     330.0059    -546.6389
165     331.5223    -545.6056
166     333.0349    -544.5665
167     334.5435    -543.5219
168     336.0482    -542.4714
169     337.5490    -541.4154
170     339.0457    -540.3536
171     340.5384    -539.2863
172     342.0270    -538.2133
173     343.5117    -537.1348
174     344.9923    -536.0507
175     346.4688    -534.9609
176     347.9411    -533.8657
177     349.4093    -532.7649
178     350.8734    -531.6586
179     352.3333    -530.5468
180     353.7889    -529.4294
181     355.2404    -528.3066
182     356.6877    -527.1783
183     358.1306    -526.0447
184     359.5693    -524.9055
185     361.0037    -523.7610
186     362.4337    -522.6111
187     363.8595    -521.4557
188     365.2808    -520.2950
189     366.6978    -519.1290
190     368.1104    -517.9577
191     369.5185    -516.7810
192     370.9222    -515.5991
193     372.3215    -514.4119
194     373.7162    -513.2194
195     375.1065    -512.0216
196     376.4922    -510.8186
197     377.8735    -509.6104
198     379.2501    -508.3970
199     380.6223    -507.1783
200     381.2010    -506.6607
201     381.7779    -506.1412
202     382.3531    -505.6198
203     382.9265    -505.0964
204     383.4982    -504.5711
205     384.0681    -504.0439
206     384.6363    -503.5149
207     385.2027    -502.9839
208     385.7673    -502.4511
209     386.3301    -501.9163
210     386.8912    -501.3797
211     387.4504    -500.8412
212     388.0079    -500.3009
213     388.5635    -499.7587
214     389.1174    -499.2147
215     389.6694    -498.6688
216     390.2196    -498.1211
217     390.7680    -497.5715
218     391.3145    -497.0201
219     391.8592    -496.4669
220     392.4020    -495.9119
221     392.9430    -495.3550
222     393.4821    -494.7964
223     394.0194    -494.2360
224     394.5548    -493.6738
225     395.0883    -493.1097
226     395.6199    -492.5440
227     396.1496    -491.9764
228     396.6775    -491.4071
229     397.2034    -490.8361
230     397.7274    -490.2632
231     398.2495    -489.6887
232     398.7697    -489.1123
233     399.2880    -488.5343
234     399.8044    -487.9545
235     400.3187    -487.3730
236     400.8312    -486.7899
237     401.3417    -486.2050
238     401.8502    -485.6183
239     402.3568    -485.0301
240     402.8614    -484.4401
241     403.3641    -483.8484
242     403.8647    -483.2551
243     404.3635    -482.6601
244     404.8601    -482.0634
245     405.3548    -481.4651
246     405.8476    -480.8651
247     406.3383    -480.2635
248     406.8270    -479.6602
249     407.3137    -479.0554
250     407.7983    -478.4489
251     408.2809    -477.8408
252     408.7615    -477.2311
253     409.2401    -476.6198
254     409.7166    -476.0069
255     410.1911    -475.3924
256     410.6635    -474.7763
257     411.1339    -474.1587
258     411.6022    -473.5395
259     412.0685    -472.9187
260     412.5326    -472.2964
261     412.9947    -471.6725
262     413.4547    -471.0471
263     413.9126    -470.4202
264     414.3684    -469.7917
265     414.8221    -469.1617
266     415.2737    -468.5303
267     415.7232    -467.8973
268     416.1707    -467.2628
269     416.6159    -466.6268
270     417.0591    -465.9894
271     417.5001    -465.3504
272     417.9389    -464.7101
273     418.3757    -464.0682
274     418.8103    -463.4249
275     419.2427    -462.7801
276     419.6730    -462.1339
277     420.1012    -461.4863
278     420.5271    -460.8372
279     420.9510    -460.1868
280     421.3726    -459.5349
281     421.7920    -458.8816
282     422.2093    -458.2269
283     422.6244    -457.5708
284     423.0373    -456.9134
285     423.4480    -456.2546
286     423.8565    -455.5944
287     424.2628    -454.9328
288     424.6668    -454.2699
289     425.0687    -453.6057
290     425.4684    -452.9401
291     425.8658    -452.2732
292     426.2610    -451.6049
293     426.6540    -450.9354
294     427.0447    -450.2645
295     427.4332    -449.5923
296     427.8195    -448.9189
297     428.2035    -448.2442
298     428.5851    -447.5684
299     428.8306    -447.1293
300     429.0739    -446.6891
301     429.3150    -446.2477
302     429.5539    -445.8051
303     429.7905    -445.3612
304     430.0250    -444.9162
305     430.2572    -444.4701
306     430.4872    -444.0227
307     430.7150    -443.5743
308     430.9405    -443.1247
309     431.1637    -442.6740
310     431.3848    -442.2222
311     431.6035    -441.7692
312     431.8199    -441.3152
313     432.0342    -440.8601
314     432.2461    -440.4040
315     432.4557    -439.9467
316     432.6631    -439.4885
317     432.8682    -439.0292
318     433.0710    -438.5689
319     433.2714    -438.1076
320     433.4696    -437.6453
321     433.6654    -437.1820
322     433.8589    -436.7178
323     434.0501    -436.2525
324     434.2390    -435.7864
325     434.4255    -435.3192
326     434.6097    -434.8512
327     434.7916    -434.3823
328     434.9712    -433.9124
329     435.1483    -433.4417
330     435.3232    -432.9700
331     435.4956    -432.4975
332     435.6657    -432.0242
333     435.8334    -431.5500
334     435.9987    -431.0750
335     436.1617    -430.5991
336     436.3223    -430.1225
337     436.4805    -429.6450
338     436.6364    -429.1668
339     436.7898    -428.6878
340     436.9408    -428.2080
341     437.0894    -427.7275
342     437.2357    -427.2462
343     437.3795    -426.7643
344     437.5209    -426.2816
345     437.6599    -425.7982
346     437.7965    -425.3141
347     437.9307    -424.8293
348     438.0624    -424.3439
349     438.1917    -423.8578
350     438.3186    -423.3711
351     438.4430    -422.8838
352     438.5650    -422.3958
353     438.6846    -421.9072
354     438.8017    -421.4181
355     438.9164    -420.9283
356     439.0286    -420.4380
357     439.1384    -419.9472
358     439.2457    -419.4558
359     439.3506    -418.9638
360     439.4530    -418.4714
361     439.5529    -417.9785
362     439.6504    -417.4850
363     439.7454    -416.9911
364     439.8380    -416.4967
365     439.9280    -416.0018
366     440.0156    -415.5065
367     440.1007    -415.0108
368     440.1834    -414.5146
369     440.2635    -414.0181
370     440.3412    -413.5211
371     440.4164    -413.0238
372     440.4891    -412.5261
373     440.5593    -412.0280
374     440.6271    -411.5297
375     440.6923    -411.0309
376     440.7550    -410.5319
377     440.8153    -410.0325
378     440.8730    -409.5329
379     440.9283    -409.0329
380     440.9810    -408.5327
381     441.0312    -408.0323
382     441.0790    -407.5315
383     441.1243    -407.0306
384     441.1670    -406.5294
385     441.2072    -406.0280
386     441.2450    -405.5265
387     441.2802    -405.0247
388     441.3129    -404.5228
389     441.3431    -404.0208
390     441.3708    -403.5185
391     441.3960    -403.0162
392     441.4187    -402.5137
393     441.4389    -402.0111
394     441.4565    -401.5085
395     441.4716    -401.0057
396     441.4843    -400.5029
397     441.4944    -400.0000
