*************************************************
LABORATORI D'ENVOL PARAGLIDING
*************************************************
GEOMETRY PRE-PROCESSOR
Version 1.5 "Baldiri" (2018-12-07)
*************************************************
Auxiliar geometry data for use with LEparagliding
*************************************************
1. Matrix of geometry
*************************************************
Rib	x-rib       y-LE       y-TE   	    xp         z	beta      RP        Washin
 1      20.44        .10     246.39      20.44        .22       1.18      33.33        .00
 2      61.14        .88     245.82      61.10       1.96       3.63      33.33        .00
 3     101.49       2.44     244.70     101.30       5.39       6.09      33.33        .00
 4     141.31       4.76     243.03     140.79      10.43       8.44      33.33        .00
 5     180.43       7.82     240.82     179.34      17.05      11.48      33.33        .00
 6     218.64      11.60     237.76     216.44      26.15      16.10      33.33        .00
 7     255.75      16.06     233.97     251.67      37.79      20.47      33.33        .00
 8     291.60      21.18     229.57     284.72      51.67      25.22      33.33        .00
 9     326.04      26.89     224.65     315.11      67.83      30.72      33.33        .00
10     358.92      33.21     219.26     342.62      85.82      35.72      33.33        .00
11     390.05      40.63     213.49     367.11     105.04      40.47      33.33        .00
12     419.19      49.61     207.44     388.49     124.82      44.97      33.33        .00
13     446.09      60.24     201.21     406.64     144.65      51.56      33.33        .00
14     470.55      72.30     194.94     420.14     165.02      61.38      33.33        .00
15     492.46      85.38     188.75     429.16     184.96      70.07      33.33        .00
16     511.60     100.29     182.82     434.50     203.33      77.63      33.33        .00
17     527.00     123.24     177.63     437.33     221.83      83.68      33.33        .00
*************************************************
2. Main geometry paraglider data:
***********************************************
Cells=  33
1 Number of cells is odd 
Number of ribs  17
Span=   10.54 m
Span_proj=    8.75 m
Surface=   20.91 m2
Surface_proj=   18.47 m2
Aspect_Ratio=    5.31
Aspect_Ratio_proj=    4.14
Flattening=    .12
Max_chord=  246.29 cm
Mid_chord=  198.40 cm
Min_chord=   54.39 cm
***********************************************
3. Some internal parameters:
***********************************************
Vault case 2: centers of the arcs:
1       .0000   -400.0000
1     64.9586    -36.4274
1     97.4182     40.6029
1    227.5318    159.4545
***********************************************
4. Leading edge, trailing edge, and vault coordinates:
***********************************************
Leading edge coordinates
  98
  1        .0000        .0000
  2       6.4191        .0097
  3      12.8375        .0388
  4      19.2547        .0873
  5      25.6700        .1552
  6      32.0826        .2425
  7      38.4921        .3491
  8      44.8977        .4752
  9      51.2988        .6205
 10      57.6948        .7852
 11      64.0851        .9693
 12      70.4689       1.1726
 13      76.8456       1.3953
 14      83.2147       1.6372
 15      89.5755       1.8983
 16      95.9273       2.1786
 17     102.2695       2.4782
 18     108.6015       2.7968
 19     114.9227       3.1346
 20     121.2323       3.4915
 21     127.5298       3.8675
 22     133.8146       4.2624
 23     140.0860       4.6764
 24     146.3434       5.1093
 25     152.5861       5.5610
 26     158.8136       6.0316
 27     165.0252       6.5210
 28     171.2202       7.0292
 29     177.3982       7.5560
 30     183.5584       8.1015
 31     189.7003       8.6656
 32     195.8232       9.2482
 33     201.9265       9.8493
 34     208.0097      10.4689
 35     214.0720      11.1067
 36     220.1129      11.7629
 37     226.1318      12.4373
 38     232.1281      13.1298
 39     238.1012      13.8405
 40     244.0505      14.5691
 41     249.9753      15.3157
 42     255.8752      16.0802
 43     261.7495      16.8625
 44     267.5976      17.6625
 45     273.4190      18.4801
 46     279.2130      19.3152
 47     284.9791      20.1679
 48     290.7166      21.0379
 49     296.4252      21.9252
 50     302.1040      22.8298
 51     307.7527      23.7514
 52     313.3706      24.6901
 53     318.9572      25.6457
 54     324.5118      26.6181
 55     330.0341      27.6073
 56     335.5233      28.6132
 57     340.9789      29.6356
 58     346.4005      30.6766
 59     351.7874      31.7417
 60     357.1391      32.8356
 61     362.4551      33.9624
 62     367.7349      35.1257
 63     372.9779      36.3286
 64     378.1836      37.5740
 65     383.3515      38.8647
 66     388.4811      40.2029
 67     393.5718      41.5910
 68     398.6231      43.0308
 69     403.6346      44.5241
 70     408.6058      46.0725
 71     413.5360      47.6774
 72     418.4249      49.3400
 73     423.2720      51.0613
 74     428.0768      52.8423
 75     432.8387      54.6836
 76     437.5573      56.5859
 77     442.2322      58.5496
 78     446.8629      60.5750
 79     451.4489      62.6623
 80     455.9897      64.8114
 81     460.4850      67.0223
 82     464.9342      69.2947
 83     469.3369      71.6283
 84     473.6927      74.0227
 85     478.0011      76.4772
 86     482.2617      78.9911
 87     486.4741      81.5637
 88     490.6378      84.1940
 89     494.7525      86.8842
 90     498.8177      89.6623
 91     502.8330      92.5943
 92     506.7980      95.7807
 93     510.7123      99.3513
 94     514.5756     103.4607
 95     518.3875     108.2842
 96     522.1475     114.0130
 97     525.8552     120.8506
 98     527.0000     123.2414
Trailing edge coordinates
  98
  1        .0000     246.4600
  2       6.4327     246.4530
  3      12.8647     246.4319
  4      19.2955     246.3968
  5      25.7243     246.3476
  6      32.1506     246.2844
  7      38.5736     246.2072
  8      44.9928     246.1159
  9      51.4075     246.0107
 10      57.8171     245.8914
 11      64.2208     245.7581
 12      70.6182     245.6108
 13      77.0085     245.4496
 14      83.3910     245.2744
 15      89.7653     245.0854
 16      96.1306     244.8823
 17     102.4862     244.6654
 18     108.8316     244.4347
 19     115.1662     244.1900
 20     121.4892     243.9316
 21     127.8000     243.6594
 22     134.0981     243.3734
 23     140.3828     243.0736
 24     146.6534     242.7601
 25     152.9094     242.4330
 26     159.1500     242.0922
 27     165.3748     241.7378
 28     171.5830     241.3698
 29     177.7741     240.9883
 30     183.9474     240.5825
 31     190.1022     240.1406
 32     196.2381     239.6728
 33     202.3544     239.1821
 34     208.4504     238.6700
 35     214.5256     238.1377
 36     220.5793     237.5860
 37     226.6109     237.0154
 38     232.6199     236.4265
 39     238.6057     235.8197
 40     244.5676     235.1954
 41     250.5050     234.5540
 42     256.4174     233.8957
 43     262.3041     233.2209
 44     268.1646     232.5299
 45     273.9983     231.8228
 46     279.8045     231.1000
 47     285.5829     230.3616
 48     291.3326     229.6079
 49     297.0532     228.8391
 50     302.7441     228.0554
 51     308.4048     227.2570
 52     314.0346     226.4440
 53     319.6330     225.6168
 54     325.1994     224.7754
 55     330.7333     223.9200
 56     336.2341     223.0509
 57     341.7014     222.1682
 58     347.1344     221.2721
 59     352.5327     220.3627
 60     357.8958     219.4402
 61     363.2231     218.5049
 62     368.5140     217.5568
 63     373.7682     216.5961
 64     378.9849     215.6231
 65     384.1637     214.6378
 66     389.3042     213.6405
 67     394.4057     212.6313
 68     399.4677     211.6104
 69     404.4898     210.5778
 70     409.4715     209.5339
 71     414.4122     208.4788
 72     419.3115     207.4126
 73     424.1688     206.3355
 74     428.9837     205.2476
 75     433.7558     204.1492
 76     438.4844     203.0403
 77     443.1692     201.9212
 78     447.8097     200.7921
 79     452.4054     199.6530
 80     456.9559     198.5042
 81     461.4606     197.3457
 82     465.9193     196.1779
 83     470.3313     195.0007
 84     474.6963     193.8145
 85     479.0138     192.6194
 86     483.2835     191.4154
 87     487.5048     190.2029
 88     491.6773     188.9820
 89     495.8007     187.7527
 90     499.8745     186.5154
 91     503.8983     185.2701
 92     507.8718     184.0170
 93     511.7944     182.7563
 94     515.6659     181.4882
 95     519.4858     180.2128
 96     523.2537     178.9303
 97     526.9694     177.6408
 98     527.0000     177.6301
Vault coordinates
 395
  1        .0000    -621.8282
  2       1.7065    -621.8267
  3       3.4130    -621.8221
  4       5.1195    -621.8145
  5       6.8259    -621.8038
  6       8.5324    -621.7901
  7      10.2388    -621.7733
  8      11.9451    -621.7535
  9      13.6515    -621.7307
 10      15.3578    -621.7047
 11      17.0640    -621.6758
 12      18.7702    -621.6438
 13      20.4764    -621.6088
 14      22.1824    -621.5707
 15      23.8884    -621.5295
 16      25.5943    -621.4854
 17      27.3002    -621.4381
 18      29.0059    -621.3878
 19      30.7116    -621.3345
 20      32.4172    -621.2781
 21      34.1226    -621.2188
 22      35.8280    -621.1562
 23      37.5332    -621.0907
 24      39.2383    -621.0222
 25      40.9433    -620.9506
 26      42.6482    -620.8760
 27      44.3529    -620.7983
 28      46.0575    -620.7175
 29      47.7619    -620.6338
 30      49.4662    -620.5470
 31      51.1703    -620.4570
 32      52.8743    -620.3641
 33      54.5781    -620.2682
 34      56.2817    -620.1693
 35      57.9851    -620.0672
 36      59.6884    -619.9622
 37      61.3915    -619.8540
 38      63.0943    -619.7429
 39      64.7970    -619.6287
 40      66.4995    -619.5115
 41      68.2017    -619.3911
 42      69.9037    -619.2678
 43      71.6056    -619.1415
 44      73.3071    -619.0121
 45      75.0085    -618.8796
 46      76.7096    -618.7441
 47      78.4104    -618.6057
 48      80.1111    -618.4641
 49      81.8114    -618.3195
 50      83.5115    -618.1719
 51      85.2113    -618.0212
 52      86.9109    -617.8676
 53      88.6102    -617.7108
 54      90.3092    -617.5510
 55      92.0079    -617.3882
 56      93.7063    -617.2224
 57      95.4044    -617.0536
 58      97.1022    -616.8817
 59      98.7997    -616.7067
 60     100.4969    -616.5288
 61     102.1937    -616.3478
 62     103.8903    -616.1637
 63     105.5865    -615.9767
 64     107.2824    -615.7866
 65     108.9779    -615.5935
 66     110.6731    -615.3974
 67     112.3679    -615.1982
 68     114.0624    -614.9960
 69     115.7565    -614.7908
 70     117.4502    -614.5826
 71     119.1436    -614.3713
 72     120.8366    -614.1570
 73     122.5292    -613.9397
 74     124.2214    -613.7194
 75     125.9132    -613.4960
 76     127.6046    -613.2697
 77     129.2956    -613.0403
 78     130.9862    -612.8079
 79     132.6763    -612.5724
 80     134.3661    -612.3340
 81     136.0554    -612.0925
 82     137.7443    -611.8480
 83     139.4328    -611.6005
 84     141.1208    -611.3500
 85     142.8083    -611.0964
 86     144.4955    -610.8399
 87     146.1821    -610.5803
 88     147.8683    -610.3177
 89     149.5540    -610.0522
 90     151.2392    -609.7836
 91     152.9240    -609.5120
 92     154.6082    -609.2374
 93     156.2920    -608.9597
 94     157.9753    -608.6791
 95     159.6580    -608.3955
 96     161.3403    -608.1089
 97     163.0220    -607.8192
 98     164.7032    -607.5266
 99     168.0641    -606.9324
100     169.1223    -606.7421
101     170.1802    -606.5493
102     171.2376    -606.3542
103     172.2946    -606.1569
104     173.3511    -605.9570
105     174.4072    -605.7549
106     175.4628    -605.5504
107     176.5180    -605.3435
108     177.5727    -605.1343
109     178.6270    -604.9226
110     179.6807    -604.7086
111     180.7340    -604.4923
112     181.7867    -604.2736
113     182.8390    -604.0525
114     183.8908    -603.8291
115     184.9421    -603.6033
116     185.9929    -603.3751
117     187.0432    -603.1447
118     188.0929    -602.9118
119     189.1421    -602.6766
120     190.1908    -602.4390
121     191.2390    -602.1991
122     192.2866    -601.9568
123     193.3336    -601.7123
124     194.3801    -601.4652
125     195.4261    -601.2159
126     196.4715    -600.9643
127     197.5163    -600.7103
128     198.5606    -600.4540
129     199.6043    -600.1953
130     200.6474    -599.9343
131     201.6899    -599.6709
132     202.7318    -599.4052
133     203.7731    -599.1372
134     204.8138    -598.8668
135     205.8539    -598.5941
136     206.8934    -598.3191
137     207.9323    -598.0417
138     208.9705    -597.7621
139     210.0081    -597.4801
140     211.0451    -597.1957
141     212.0815    -596.9091
142     213.1172    -596.6201
143     214.1522    -596.3287
144     215.1866    -596.0352
145     216.2203    -595.7391
146     217.2534    -595.4409
147     218.2858    -595.1403
148     219.3175    -594.8374
149     220.3485    -594.5322
150     221.3789    -594.2247
151     222.4086    -593.9149
152     223.4375    -593.6027
153     224.4658    -593.2883
154     225.4933    -592.9716
155     226.5201    -592.6525
156     227.5462    -592.3311
157     228.5716    -592.0074
158     229.5963    -591.6815
159     230.6203    -591.3533
160     231.6434    -591.0227
161     232.6659    -590.6898
162     233.6876    -590.3547
163     234.7085    -590.0173
164     235.7287    -589.6776
165     236.7481    -589.3356
166     237.7668    -588.9913
167     238.7847    -588.6448
168     239.8017    -588.2959
169     240.8181    -587.9448
170     241.8336    -587.5914
171     242.8483    -587.2357
172     243.8622    -586.8777
173     244.8754    -586.5175
174     245.8877    -586.1550
175     246.8992    -585.7902
176     247.9099    -585.4232
177     248.9197    -585.0538
178     249.9287    -584.6823
179     250.9369    -584.3085
180     251.9442    -583.9324
181     252.9507    -583.5540
182     253.9564    -583.1735
183     254.9612    -582.7906
184     255.9651    -582.4055
185     256.9682    -582.0181
186     257.9704    -581.6285
187     258.9717    -581.2366
188     259.9721    -580.8425
189     260.9716    -580.4462
190     261.9703    -580.0476
191     262.9681    -579.6468
192     263.9649    -579.2437
193     264.9609    -578.8384
194     265.9559    -578.4309
195     266.9500    -578.0211
196     267.9432    -577.6092
197     268.9355    -577.1949
198     269.9270    -576.7784
199     271.4197    -576.1456
200     272.9098    -575.5062
201     274.3970    -574.8604
202     275.8814    -574.2080
203     277.3629    -573.5492
204     278.8415    -572.8839
205     280.3173    -572.2122
206     281.7900    -571.5340
207     283.2598    -570.8494
208     284.7267    -570.1584
209     286.1904    -569.4611
210     287.6512    -568.7573
211     289.1088    -568.0472
212     290.5633    -567.3307
213     292.0147    -566.6079
214     293.4630    -565.8788
215     294.9080    -565.1434
216     296.3498    -564.4016
217     297.7883    -563.6536
218     299.2236    -562.8994
219     300.6556    -562.1389
220     302.0843    -561.3721
221     303.5096    -560.5991
222     304.9314    -559.8199
223     306.3499    -559.0345
224     307.7650    -558.2429
225     309.1766    -557.4452
226     310.5847    -556.6412
227     311.9893    -555.8313
228     313.3903    -555.0151
229     314.7878    -554.1929
230     316.1816    -553.3645
231     317.5718    -552.5302
232     318.9584    -551.6897
233     320.3413    -550.8432
234     321.7205    -549.9907
235     323.0960    -549.1321
236     324.4677    -548.2676
237     325.8356    -547.3971
238     327.1998    -546.5206
239     328.5601    -545.6382
240     329.9165    -544.7499
241     331.2690    -543.8557
242     332.6176    -542.9556
243     333.9623    -542.0496
244     335.3030    -541.1377
245     336.6398    -540.2201
246     337.9725    -539.2965
247     339.3012    -538.3672
248     340.6258    -537.4321
249     341.9463    -536.4912
250     343.2627    -535.5446
251     344.5750    -534.5922
252     345.8831    -533.6342
253     347.1870    -532.6704
254     348.4867    -531.7009
255     349.7821    -530.7258
256     351.0733    -529.7451
257     352.3602    -528.7588
258     353.6428    -527.7668
259     354.9210    -526.7692
260     356.1949    -525.7661
261     357.4644    -524.7574
262     358.7294    -523.7433
263     359.9901    -522.7235
264     361.2463    -521.6984
265     362.4980    -520.6677
266     363.7452    -519.6316
267     364.9879    -518.5900
268     366.2260    -517.5431
269     367.4595    -516.4907
270     368.6884    -515.4330
271     369.9127    -514.3700
272     371.1324    -513.3016
273     372.3473    -512.2279
274     373.5576    -511.1489
275     374.7632    -510.0647
276     375.9641    -508.9751
277     377.1601    -507.8804
278     378.3514    -506.7805
279     379.5378    -505.6754
280     380.7195    -504.5651
281     381.8963    -503.4496
282     383.0682    -502.3291
283     384.2352    -501.2034
284     385.3973    -500.0727
285     386.5544    -498.9369
286     387.7066    -497.7961
287     388.8538    -496.6502
288     389.9960    -495.4994
289     391.1331    -494.3436
290     392.2653    -493.1828
291     393.3923    -492.0172
292     394.5143    -490.8466
293     395.6310    -489.6711
294     396.7428    -488.4908
295     397.8493    -487.3056
296     400.0463    -484.9214
297     400.6871    -484.2151
298     401.3233    -483.5046
299     401.9548    -482.7900
300     402.5816    -482.0712
301     403.2036    -481.3483
302     403.8209    -480.6212
303     404.4333    -479.8902
304     405.0409    -479.1551
305     405.6436    -478.4160
306     406.2415    -477.6730
307     406.8344    -476.9261
308     407.4224    -476.1752
309     408.0054    -475.4204
310     408.5835    -474.6619
311     409.1565    -473.8996
312     409.7245    -473.1335
313     410.2874    -472.3636
314     410.8452    -471.5901
315     411.3979    -470.8129
316     411.9455    -470.0321
317     412.4879    -469.2477
318     413.0251    -468.4597
319     413.5572    -467.6682
320     414.0840    -466.8732
321     414.6055    -466.0747
322     415.1218    -465.2729
323     415.6328    -464.4676
324     416.1384    -463.6590
325     416.6386    -462.8470
326     417.1336    -462.0319
327     417.6231    -461.2134
328     418.1073    -460.3917
329     418.5859    -459.5669
330     419.0592    -458.7389
331     419.5270    -457.9078
332     419.9893    -457.0737
333     420.4461    -456.2365
334     420.8973    -455.3963
335     421.3430    -454.5532
336     421.7831    -453.7071
337     422.2177    -452.8582
338     422.6466    -452.0064
339     423.0699    -451.1518
340     423.4875    -450.2944
341     423.8995    -449.4343
342     424.3058    -448.5715
343     424.7065    -447.7061
344     425.1013    -446.8380
345     425.4904    -445.9673
346     425.8739    -445.0941
347     426.2515    -444.2184
348     426.6234    -443.3401
349     426.9894    -442.4595
350     427.3497    -441.5765
351     427.7041    -440.6911
352     428.0526    -439.8034
353     428.3953    -438.9135
354     428.7321    -438.0212
355     429.0631    -437.1268
356     429.3881    -436.2302
357     429.7072    -435.3315
358     430.0204    -434.4307
359     430.3276    -433.5279
360     430.6288    -432.6230
361     430.9242    -431.7162
362     431.2134    -430.8075
363     431.4967    -429.8969
364     431.7740    -428.9844
365     432.0453    -428.0701
366     432.3105    -427.1541
367     432.5697    -426.2363
368     432.8228    -425.3168
369     433.0699    -424.3956
370     433.3108    -423.4729
371     433.5457    -422.5486
372     433.7745    -421.6228
373     433.9972    -420.6955
374     434.2137    -419.7667
375     434.4241    -418.8365
376     434.6284    -417.9050
377     434.8266    -416.9721
378     435.0185    -416.0380
379     435.2043    -415.1025
380     435.3840    -414.1659
381     435.5574    -413.2281
382     435.7247    -412.2892
383     435.8858    -411.3493
384     436.0406    -410.4083
385     436.1893    -409.4662
386     436.3317    -408.5233
387     436.4680    -407.5793
388     436.5980    -406.6346
389     436.7217    -405.6890
390     436.8392    -404.7426
391     436.9505    -403.7954
392     437.0555    -402.8475
393     437.1543    -401.8990
394     437.2468    -400.9498
395     437.3331    -400.0000
