gnu-At                                             
 111
  66
   9
  38
 1.000000     0.000000
 0.988400     0.000000
 0.968630     0.000000
 0.945460     0.000000
 0.918740     0.000000
 0.889470     0.000000
 0.859360     0.000000
 0.829470     0.000000
 0.799800     0.000000
 0.770060     0.000000
 0.740110     0.000000
 0.709900     0.000000
 0.679540     0.000000
 0.649100     0.000000
 0.618650     0.000000
 0.588240     0.000000
 0.557900     0.000000
 0.527650     0.000000
 0.497520     0.000000
 0.467530     0.000000
 0.437720     0.000000
 0.408180     0.000000
 0.378960     0.000000
 0.350200     0.000000
 0.322100     0.000000
 0.294890     0.000000
 0.268850     0.000000
 0.244170     0.000000
 0.220960     0.000000
 0.199240     0.000000
 0.179020     0.000000
 0.160290     0.000000
 0.143000     0.000000
 0.127120     0.000000
 0.112560     0.000000
 0.099250     0.000000
 0.087090     0.000000
 0.076040     0.000000
 0.066060     0.000000
 0.057080     0.000000
 0.049060     0.000000
 0.041900     0.000000
 0.035540     0.000000
 0.029910     0.000000
 0.024930     0.000000
 0.020550     0.000000
 0.016710     0.000000
 0.013350     0.000000
 0.010440     0.000000
 0.007960     0.000000
 0.005880     0.000000
 0.004190     0.000000
 0.0038       0.000000
 0.0035       0.000000
 0.0032       0.000000
 0.0029       0.000000
 0.0026       0.000000
 0.0023       0.000000
 0.0020       0.000000
 0.0017       0.000000
 0.0014       0.000000
 0.0011       0.000000
 0.0008       0.000000
 0.0005       0.000000
 0.0002       0.000000
 0.0000       0.000000
 0.008        0.000000
 0.016        0.000000
 0.024        0.000000
 0.032        0.000000
 0.040        0.000000
 0.048        0.000000
 0.055        0.000000
 0.063000     0.000000
 0.071040    -0.000000
 0.082190    -0.000000
 0.094980    -0.000000
 0.109740    -0.000000
 0.126740    -0.000000
 0.146170    -0.000000
 0.167990    -0.000000
 0.191910    -0.000000
 0.217390    -0.000000
 0.244070    -0.000000
 0.271630    -0.000000
 0.299770    -0.000000
 0.328210    -0.000000
 0.356730    -0.000000
 0.385260    -0.000000
 0.413840    -0.000000
 0.442560    -0.000000
 0.471550    -0.000000
 0.500840    -0.000000
 0.530350    -0.000000
 0.559990    -0.000000
 0.589670    -0.000000
 0.619380    -0.000000
 0.649170    -0.000000
 0.679060    -0.000000
 0.709030    -0.000000
 0.739020    -0.000000
 0.768920    -0.000000
 0.798690    -0.000000
 0.828470    -0.000000
 0.858480    -0.000000
 0.888740    -0.000000
 0.918160    -0.000000
 0.945060    -0.000000
 0.968410    -0.000000
 0.988320    -0.000000
 1.000000     0.000000
